frame	time	x	y	burst
100309	42	314	212	0
100310	86	314	212	0
100311	123	314	212	0
100312	175	313	211	0
100313	215	313	210	0
100314	252	313	209	0
100315	345	313	208	0
100316	431	313	208	0
100317	492	312	207	0
100318	545	312	208	0
100319	587	311	209	0
100320	645	311	211	0
100321	701	312	212	0
100322	777	312	215	0
100323	843	312	215	0
100324	903	311	216	0
100325	949	312	216	0
100326	1014	312	217	0
100327	1056	313	220	0
100328	1142	314	221	0
100329	1214	316	224	0
100330	1289	318	229	0
100331	1355	319	232	0
100332	1454	321	237	0
100333	1522	323	242	0
100334	1611	324	247	0
100335	1721	326	255	0
100336	1766	327	265	0
100337	1814	328	268	0
100338	1885	328	272	0
100339	1980	330	283	0
100340	2049	332	294	0
100341	2106	333	299	0
100342	2181	334	301	0
100343	2242	334	303	0
100344	2285	334	303	0
100345	2362	334	303	0
100346	2445	334	303	0
100347	2523	337	304	0
100348	2583	338	304	0
100349	2649	342	307	0
100350	2760	345	309	0
100351	2831	348	314	0
100352	2905	349	322	0
100353	2977	350	326	0
100354	3037	350	329	0
100355	3108	350	331	0
100356	3187	351	337	0
100357	3265	351	341	0
100358	3301	352	348	0
100359	3362	353	353	0
100360	3433	353	356	0
100361	3511	353	361	0
100362	3577	354	366	0
100363	3674	354	372	0
100364	3742	356	382	0
100365	3814	356	389	0
100366	3879	357	392	0
100367	3945	358	392	0
100368	4008	359	392	0
100369	4080	359	392	0
100370	4179	359	392	0
100371	4250	359	389	0
100372	4308	361	388	0
100373	4377	362	387	0
100374	4474	362	387	0
100375	4580	362	387	0
100376	4642	362	387	0
100377	4711	362	387	0
100378	4770	362	388	0
100379	4843	362	389	0
100380	4914	361	391	0
100381	4998	361	393	0
100382	5062	361	393	0
100383	5126	361	393	0
100384	5211	362	393	0
100385	5307	362	398	0
100386	5374	362	403	0
100387	5435	361	406	0
100388	5479	361	406	0
100389	5579	361	406	0
100390	5665	361	406	0
100391	5745	361	408	0
100392	5845	361	410	0
100393	5947	360	411	0
100394	6008	361	413	0
100395	6066	361	414	0
100396	6134	361	414	0
100397	6199	361	416	0
100398	6267	361	417	0
100399	6347	361	417	0
100400	6407	362	419	0
100401	6449	362	420	0
100402	6559	362	420	0
100403	6625	362	418	0
100404	6702	360	417	0
100405	6770	360	417	0
100406	6841	359	417	0
100407	6910	358	416	0
100408	6972	358	416	0
100409	7040	358	415	0
100410	7099	358	415	0
100411	7143	358	415	0
100412	7207	358	415	0
100413	7251	358	415	0
100414	7333	357	415	0
100415	7402	355	412	0
100416	7481	355	410	0
100417	7550	352	405	0
100418	7641	351	403	0
100419	7699	347	395	0
100420	7741	347	393	0
100421	7863	346	390	0
100422	7932	342	379	0
100423	8012	342	377	0
100424	8074	339	370	0
100425	8146	338	366	0
100426	8236	337	362	0
100427	8308	336	358	0
100428	8372	334	351	0
100429	8473	334	348	0
100430	8563	332	343	0
100431	8635	329	334	0
100432	8706	328	331	0
100433	8769	326	326	0
100434	8835	326	325	0
100435	8901	326	320	0
100436	8974	325	316	0
100437	9066	323	309	0
100438	9137	322	304	0
100439	9182	322	301	0
100440	9265	321	298	0
100441	9305	321	295	0
100442	9369	320	292	0
100443	9464	318	287	0
100444	9535	316	280	0
100445	9589	314	274	0
100446	9644	314	272	0
100447	9701	313	267	0
100448	9768	312	264	0
100449	9833	312	262	0
100450	9900	312	260	0
100451	9970	312	260	0
100452	10029	312	260	0
100453	10093	312	260	0
100454	10150	312	260	0
100455	10208	311	260	0
100456	10267	310	257	0
100457	10340	309	255	0
100458	10406	308	252	0
100459	10474	307	250	0
100460	10534	307	250	0
100461	10601	307	250	0
100462	10691	307	250	0
100463	10761	307	248	0
100464	10823	307	247	0
100465	10894	306	244	0
100466	10965	306	240	0
100467	11032	306	235	0
100468	11105	305	230	0
100469	11164	304	228	0
100470	11205	304	228	0
100471	11283	304	228	0
100472	11343	304	228	0
100473	11402	304	228	0
100474	11460	304	227	0
100475	11527	304	224	0
100476	11594	304	223	0
100477	11669	304	221	0
100478	11733	304	220	0
100479	11805	304	220	0
100480	11874	304	220	0
100481	11930	304	219	0
100482	12000	304	216	0
100483	12068	304	215	0
100484	12134	304	215	0
100485	12202	304	215	0
100486	12271	304	215	0
100487	12340	304	215	0
100488	12403	304	215	0
100489	12473	304	215	0
100490	12530	304	215	0
100491	12590	304	214	0
100492	12667	304	213	0
100493	12760	304	213	0
100494	12846	304	213	0
100495	12910	304	213	0
100496	12976	304	213	0
100497	13063	304	213	0
100498	13138	303	211	0
100499	13224	303	210	0
100500	13274	301	209	0
100501	13335	300	208	0
100502	13405	300	208	0
100503	13499	298	207	0
100504	13567	294	206	0
100505	13623	293	207	0
100506	13668	290	205	0
100507	13727	290	205	0
100508	13792	289	204	0
100509	13854	290	205	0
100510	13911	290	205	0
100511	13982	290	205	0
100512	14045	290	205	0
100513	14099	290	205	0
100514	14169	290	205	0
100515	14237	290	205	0
100516	14321	290	205	0
100517	14394	289	204	0
100518	14474	290	204	0
100519	14533	290	203	0
100520	14599	291	204	0
100521	14665	291	204	0
100522	14756	291	204	0
100523	14824	291	204	0
100524	14900	292	203	0
100525	14963	293	201	0
100526	15021	293	197	0
100527	15073	293	197	0
100528	15131	293	196	0
100529	15222	293	197	0
100530	15306	293	200	0
100531	15364	296	199	0
100532	15431	297	199	0
100533	15500	298	199	0
100534	15560	297	201	0
100535	15656	298	202	0
100536	15734	301	206	0
100537	15804	302	208	0
100538	15863	303	211	0
100539	15939	305	214	0
100540	15994	307	216	0
100541	16077	308	219	0
100542	16133	309	219	0
100543	16206	309	219	0
100544	16273	309	219	0
100545	16349	309	219	0
100546	16407	309	220	0
100547	16479	309	219	0
100548	16525	309	220	0
100549	16601	309	220	0
100550	16660	309	219	0
100551	16716	309	219	0
100552	16788	309	219	0
100553	16855	309	219	0
100554	16912	309	219	0
100555	16983	309	219	0
100556	17038	309	219	0
100557	17093	309	219	0
100558	17163	310	221	0
100559	17227	311	223	0
100560	17286	311	224	0
100561	17349	311	224	0
100562	17407	312	225	0
100563	17463	312	225	0
100564	17537	312	225	0
100565	17593	312	226	0
100566	17691	311	226	0
100567	17752	311	226	0
100568	17799	311	225	0
100569	17874	311	225	0
100570	17944	311	225	0
100571	18018	311	225	0
100572	18097	312	225	0
100573	18159	312	225	0
100574	18230	312	225	0
100575	18309	312	225	0
100576	18371	312	225	0
100577	18424	312	225	0
100578	18489	312	225	0
100579	18579	312	226	0
100580	18636	312	225	0
100581	18692	312	225	0
100582	18755	312	226	0
100583	18826	312	226	0
100584	18888	312	226	0
100585	18953	312	226	0
100586	19018	312	226	0
100587	19059	312	226	0
100588	19126	312	226	0
100589	19180	312	226	0
100590	19237	312	226	0
100591	19307	312	226	0
100592	19385	312	226	0
100593	19464	312	226	0
100594	19524	312	226	0
100595	19588	312	226	0
100596	19653	312	226	0
100597	19720	312	226	0
100598	19784	312	226	0
100599	19861	312	226	0
100600	19930	312	226	0
100601	19990	312	225	0
100602	20056	312	224	0
100603	20146	312	224	0
100604	20204	313	224	0
100605	20257	313	225	0
100606	20317	313	225	0
100607	20379	313	225	0
100608	20436	313	225	0
100609	20520	313	225	0
100610	20576	313	225	0
100611	20649	313	225	0
100612	20717	313	225	0
100613	20783	313	225	0
100614	20824	313	225	0
100615	20892	313	225	0
100616	20973	313	225	0
100617	21030	312	226	0
100618	21097	312	226	0
100619	21158	312	226	0
100620	21228	312	226	0
100621	21289	312	226	0
100622	21357	312	226	0
100623	21428	312	226	0
100624	21494	312	226	0
100625	21556	312	226	0
100626	21627	312	226	0
100627	21710	312	226	0
100628	21766	312	226	0
100629	21824	312	226	0
100630	21884	312	226	0
100631	21948	312	226	0
100632	22024	312	226	0
100633	22066	312	226	0
100634	22132	312	226	0
100635	22204	312	226	0
100636	22268	312	227	0
100637	22333	312	226	0
100638	22391	312	226	0
100639	22489	312	226	0
100640	22553	313	226	0
100641	22619	313	226	0
100642	22690	313	226	0
100643	22731	313	226	0
100644	22792	313	226	0
100645	22859	313	226	0
100646	22927	313	226	0
100647	22987	313	226	0
100648	23044	313	226	0
100649	23110	313	226	0
100650	23159	312	226	0
100651	23227	312	226	0
100652	23283	312	226	0
100653	23352	312	226	0
100654	23417	312	226	0
100655	23490	312	226	0
100656	23554	312	226	0
100657	23626	312	226	0
100658	23710	312	226	0
100659	23766	312	226	0
100660	23838	312	226	0
100661	23893	313	226	0
100662	23954	313	226	0
100663	24022	313	226	0
100664	24085	313	226	0
100665	24153	313	226	0
100666	24222	313	226	0
100667	24296	313	226	0
100668	24355	313	224	0
100669	24408	313	224	0
100670	24486	313	224	0
100671	24558	314	224	0
100672	24651	314	224	0
100673	24722	315	224	0
100674	24791	315	224	0
100675	24850	315	224	0
100676	24933	315	224	0
100677	24990	315	225	0
100678	25080	315	224	0
100679	25142	316	224	0
100680	25222	316	224	0
100681	25322	316	224	0
100682	25384	315	225	0
100683	25471	315	225	0
100684	25554	315	224	0
100685	25619	315	224	0
100686	25688	315	224	0
100687	25781	315	224	0
100688	25846	315	224	0
100689	25905	315	224	0
100690	25982	315	224	0
100691	26053	315	224	0
100692	26113	315	224	0
100693	26175	315	224	0
100694	26238	315	224	0
100695	26315	314	224	0
100696	26386	314	224	0
100697	26484	314	224	0
100698	26556	314	224	0
100699	26646	314	224	0
100700	26747	314	224	0
100701	26812	314	224	0
100702	26890	314	224	0
100703	26949	314	224	0
100704	27022	314	224	0
100705	27115	314	224	0
100706	27208	314	224	0
100707	27272	315	224	0
100708	27348	315	224	0
100709	27413	315	224	0
100710	27482	315	224	0
100711	27550	316	224	0
100712	27619	315	224	0
100713	27694	315	224	0
100714	27777	315	224	0
100715	27845	315	224	0
100716	27916	315	224	0
100717	27975	315	224	0
100718	28043	315	224	0
100719	28118	315	224	0
100720	28183	315	224	0
100721	28240	315	224	0
100722	28315	315	224	0
100723	28376	315	224	0
100724	28445	315	224	0
100725	28519	315	224	0
100726	28580	315	224	0
100727	28651	315	224	0
100728	28720	315	224	0
100729	28793	315	224	0
100730	28872	315	224	0
100731	28917	315	224	0
100732	28984	315	224	0
100733	29054	315	224	0
100734	29129	315	224	0
100735	29184	315	224	0
100736	29273	315	224	0
100737	29318	315	224	0
100738	29381	315	224	0
100739	29437	315	224	0
100740	29513	315	224	0
100741	29577	316	224	0
100742	29648	316	224	0
100743	29722	315	224	0
100744	29779	315	224	0
100745	29850	315	224	0
100746	29916	315	224	0
100747	30008	315	224	0
100748	30076	315	224	0
100749	30153	315	224	0
100750	30219	315	224	0
100751	30313	315	224	0
100752	30378	315	224	0
100753	30444	315	224	0
100754	30507	315	224	0
100755	30549	315	224	0
100756	30641	315	224	0
100757	30688	315	224	0
100758	30749	315	224	0
100759	30811	315	224	0
100760	30904	315	224	0
100761	30981	315	224	0
100762	31064	315	224	0
100763	31136	315	224	0
100764	31209	315	224	0
100765	31274	315	224	0
100766	31340	315	224	0
100767	31384	315	224	0
100768	31450	315	224	0
100769	31506	315	224	0
100770	31565	315	224	0
100771	31643	315	224	0
100772	31725	315	224	0
100773	31782	315	224	0
100774	31888	315	224	0
100775	31948	315	224	0
100776	32018	315	224	0
100777	32105	315	224	0
100778	32173	315	224	0
100779	32263	315	224	0
100780	32335	315	224	0
100781	32381	315	224	0
100782	32448	315	224	0
100783	32507	315	224	0
100784	32571	315	224	0
100785	32649	315	224	0
100786	32739	315	224	0
100787	32809	315	224	0
100788	32897	315	224	0
100789	32970	315	224	0
100790	33049	315	224	0
100791	33088	315	224	0
100792	33155	315	224	0
100793	33225	315	224	0
100794	33306	315	224	0
100795	33370	315	224	0
100796	33428	315	224	0
100797	33507	315	224	0
100798	33579	315	224	0
100799	33644	315	224	0
100800	33709	315	224	0
100801	33790	315	224	0
100802	33876	315	224	0
100803	33939	315	224	0
100804	34010	315	224	0
100805	34073	315	224	0
100806	34169	315	224	0
100807	34236	315	224	0
100808	34304	315	224	0
100809	34367	315	224	0
100810	34428	315	224	0
100811	34505	315	224	0
100812	34575	315	224	0
100813	34678	315	224	0
100814	34737	315	224	0
100815	34793	315	224	0
100816	34849	315	224	0
100817	34936	315	224	0
100818	35005	315	224	0
100819	35080	315	224	0
100820	35143	315	224	0
100821	35210	315	224	0
100822	35308	315	224	0
100823	35371	315	224	0
100824	35432	315	224	0
100825	35506	315	224	0
100826	35570	315	224	0
100827	35643	315	224	0
100828	35739	315	224	0
100829	35818	315	224	0
100830	35908	315	224	0
100831	35975	315	224	0
100832	36040	315	224	0
100833	36110	315	224	0
100834	36179	315	224	0
100835	36257	315	224	0
100836	36309	315	224	0
100837	36371	315	224	0
100838	36444	315	224	0
100839	36516	315	224	0
100840	36599	315	223	0
100841	36671	315	223	0
100842	36766	316	223	0
100843	36829	316	223	0
100844	36883	316	223	0
100845	36948	316	223	0
100846	37025	316	223	0
100847	37092	316	223	0
100848	37140	316	223	0
100849	37206	316	223	0
100850	37280	316	223	0
100851	37356	316	223	0
100852	37429	316	223	0
100853	37496	315	223	0
100854	37563	315	223	0
100855	37639	315	223	0
100856	37703	315	223	0
100857	37770	315	223	0
100858	37833	315	223	0
100859	37906	315	223	0
100860	37974	316	223	0
100861	38065	316	223	0
100862	38102	316	223	0
100863	38171	316	223	0
100864	38235	316	223	0
100865	38328	316	223	0
100866	38374	315	223	0
100867	38465	315	223	0
100868	38509	315	223	0
100869	38578	315	223	0
100870	38660	315	223	0
100871	38726	315	223	0
100872	38774	315	223	0
100873	38836	315	223	0
100874	38907	315	223	0
100875	38962	315	223	0
100876	39030	315	223	0
100877	39069	315	223	0
100878	39132	315	223	0
100879	39202	315	223	0
100880	39275	315	223	0
100881	39354	315	223	0
100882	39433	315	223	0
100883	39504	315	223	0
100884	39572	315	223	0
100885	39641	315	223	0
100886	39735	315	223	0
100887	39804	315	223	0
100888	39879	315	223	0
100889	39952	315	223	0
100890	40007	315	223	0
100891	40066	315	223	0
100892	40126	315	223	0
100893	40188	315	223	0
100894	40255	315	223	0
100895	40330	315	223	0
100896	40389	315	223	0
100897	40455	315	223	0
100898	40530	315	223	0
100899	40588	315	223	0
100900	40667	315	223	0
100901	40733	316	223	0
100902	40801	316	223	0
100903	40870	316	223	0
100904	40962	316	223	0
100905	41032	316	223	0
100906	41113	316	223	0
100907	41193	316	223	0
100908	41264	316	223	0
100909	41332	316	223	0
100910	41411	316	223	0
100911	41492	316	223	0
100912	41560	316	223	0
100913	41629	316	223	0
100914	41692	316	223	0
100915	41765	316	223	0
100916	41822	316	223	0
100917	41895	316	223	0
100918	41965	316	223	0
100919	42023	316	223	0
100920	42068	316	223	0
100921	42127	316	223	0
100922	42194	316	223	0
100923	42243	316	223	0
100924	42318	316	223	0
100925	42396	316	223	0
100926	42466	316	223	0
100927	42532	316	223	0
100928	42605	316	223	0
100929	42697	316	223	0
100930	42793	316	223	0
100931	42857	316	223	0
100932	42930	316	223	0
100933	42997	316	223	0
100934	43066	316	223	0
100935	43131	316	223	0
100936	43197	316	223	0
100937	43277	316	223	0
100938	43392	316	223	0
100939	43470	316	223	0
100940	43528	316	223	0
100941	43589	316	223	0
100942	43644	316	223	0
100943	43711	316	223	0
100944	43777	316	223	0
100945	43841	316	223	0
100946	43897	316	223	0
100947	43962	316	223	0
100948	44029	316	223	0
100949	44132	316	223	0
100950	44191	316	223	0
100951	44263	316	223	0
100952	44325	316	223	0
100953	44385	316	223	0
100954	44460	316	223	0
100955	44527	316	223	0
100956	44599	316	223	0
100957	44663	316	223	0
100958	44734	316	223	0
100959	44794	316	223	0
100960	44855	316	223	0
100961	44922	316	223	0
100962	44995	316	223	0
100963	45066	316	223	0
100964	45130	316	223	0
100965	45194	316	223	0
100966	45266	316	223	0
100967	45333	316	223	0
100968	45399	316	223	0
100969	45489	316	223	0
100970	45532	316	223	0
100971	45626	316	223	0
100972	45691	316	223	0
100973	45755	316	223	0
100974	45821	316	223	0
100975	45891	316	223	0
100976	45961	316	223	0
100977	46027	316	223	0
100978	46098	316	223	0
100979	46160	316	223	0
100980	46233	316	223	0
100981	46301	316	223	0
100982	46361	316	223	0
100983	46420	316	223	0
100984	46487	316	223	0
100985	46550	316	223	0
100986	46620	316	223	0
100987	46696	316	223	0
100988	46759	316	223	0
100989	46827	316	223	0
100990	46894	316	223	0
100991	46959	316	223	0
100992	47027	316	223	0
100993	47085	316	223	0
100994	47149	316	223	0
100995	47226	316	223	0
100996	47291	316	223	0
100997	47354	316	223	0
100998	47419	316	223	0
100999	47492	316	223	0
101000	47560	316	223	0
101001	47626	316	223	0
101002	47721	316	223	0
101003	47789	316	223	0
101004	47860	316	223	0
101005	47925	316	223	0
101006	47992	316	223	0
101007	48051	316	223	0
101008	48125	316	223	0
101009	48193	316	223	0
101010	48295	316	223	0
101011	48396	316	223	0
101012	48456	316	223	0
101013	48528	316	223	0
101014	48600	316	223	0
101015	48695	316	223	0
101016	48757	316	223	0
101017	48819	316	223	0
101018	48887	316	223	0
101019	48953	316	223	0
101020	49013	316	223	0
101021	49073	316	223	0
101022	49143	316	223	0
101023	49216	316	223	0
101024	49287	316	223	0
101025	49348	316	223	0
101026	49413	316	223	0
101027	49490	316	223	0
101028	49557	316	223	0
101029	49635	316	223	0
101030	49710	316	223	0
101031	49774	316	223	0
101032	49839	316	223	0
101033	49898	316	223	0
101034	49953	316	223	0
101035	50031	316	223	0
101036	50091	316	223	0
101037	50186	316	223	0
101038	50255	316	223	0
101039	50312	316	223	0
101040	50427	316	223	0
101041	50516	317	223	0
101042	50572	317	223	0
101043	50650	317	223	0
101044	50759	317	223	0
101045	50858	317	223	0
101046	50988	317	223	0
101047	51089	317	223	0
101048	51252	317	223	0
101049	51325	317	223	0
101050	51422	317	223	0
101051	51512	317	223	0
101052	51558	317	223	0
101053	51655	317	223	0
101054	51755	317	223	0
101055	51849	317	223	0
101056	51958	317	223	0
101057	52049	317	223	0
101058	52124	317	223	0
101059	52248	317	223	0
101060	52327	317	223	0
101061	52422	317	223	0
101062	52483	317	223	0
101063	52530	317	223	0
101064	52606	317	223	0
101065	52718	317	223	0
101066	52852	317	223	0
101067	52963	317	223	0
101068	53047	317	223	0
101069	53145	317	222	0
101070	53222	318	222	0
101071	53283	318	222	0
101072	53353	318	222	0
101073	53419	318	222	0
101074	53480	318	222	0
101075	53579	318	222	0
101076	53714	318	222	0
101077	53784	318	222	0
101078	53884	318	222	0
101079	53957	318	222	0
101080	54016	318	222	0
101081	54092	318	222	0
101082	54194	318	222	0
101083	54281	318	222	0
101084	54381	318	222	0
101085	54469	318	222	0
101086	54543	318	222	0
101087	54621	318	222	0
101088	54683	318	222	0
101089	54754	318	222	0
101090	54829	318	222	0
101091	54945	318	222	0
101092	55086	318	222	0
101093	55183	318	222	0
101094	55251	318	222	0
101095	55324	318	222	0
101096	55421	318	222	0
101097	55482	318	222	0
101098	55579	318	222	0
101099	55663	318	222	0
101100	55748	318	222	0
101101	55801	318	222	0
101102	55869	318	222	0
101103	55935	318	222	0
101104	56009	318	222	0
101105	56089	318	222	0
101106	56156	318	222	0
101107	56250	318	222	0
101108	56313	318	222	0
101109	56410	318	222	0
101110	56489	318	222	0
101111	56578	318	222	0
101112	56653	318	222	0
101113	56713	318	222	0
101114	56810	318	222	0
101115	56888	318	222	0
101116	56982	318	222	0
101117	57115	318	222	0
101118	57212	318	222	0
101119	57311	318	222	0
101120	57390	318	222	0
101121	57478	318	222	0
101122	57546	318	222	0
101123	57643	318	222	0
101124	57715	318	222	0
101125	57786	318	222	0
101126	57853	318	222	0
101127	57933	318	222	0
101128	58009	318	222	0
101129	58104	318	222	0
101130	58145	318	222	0
101131	58214	318	222	0
101132	58267	318	222	0
101133	58377	318	222	0
101134	58460	318	222	0
101135	58524	318	222	0
101136	58611	318	222	0
101137	58678	318	222	0
101138	58781	318	222	0
101139	58919	318	222	0
101140	58991	318	222	0
101141	59114	318	222	0
101142	59212	317	222	0
101143	59338	317	222	0
101144	59448	317	222	0
101145	59532	317	222	0
101146	59641	317	222	0
101147	59739	317	222	0
101148	59788	317	222	0
101149	59882	317	222	0
101150	59982	317	222	0
101151	60106	317	222	0
101152	60187	317	222	0
101153	60322	318	222	0
101154	60412	318	222	0
101155	60495	318	222	0
101156	60583	318	222	0
101157	60706	318	222	0
101158	60810	318	222	0
101159	60876	318	222	0
101160	60971	318	222	0
101161	61015	318	222	0
101162	61115	318	222	0
101163	61287	318	222	0
101164	61392	318	222	0
101165	61478	318	222	0
101166	61668	318	222	0
101167	61771	318	222	0
101168	61831	318	222	0
101169	61896	318	222	0
101170	61983	318	222	0
101171	62078	318	222	0
101172	62171	318	222	0
101173	62242	318	222	0
101174	62320	318	222	0
101175	62395	318	222	0
101176	62440	318	222	0
101177	62482	318	222	0
101178	62601	318	222	0
101179	62777	318	222	0
101180	62914	318	222	0
101181	62992	318	222	0
101182	63081	318	222	0
101183	63150	318	222	0
101184	63251	318	222	0
101185	63338	318	222	0
101186	63450	318	222	0
101187	63617	318	222	0
101188	63711	318	222	0
101189	63802	318	222	0
101190	63867	318	222	0
101191	63980	318	222	0
101192	64074	318	222	0
101193	64170	318	222	0
101194	64266	318	222	0
101195	64346	318	222	0
101196	64448	318	222	0
101197	64542	318	222	0
101198	64643	318	222	0
101199	64748	318	222	0
101200	64840	318	222	0
101201	64943	318	222	0
101202	65066	318	222	0
101203	65172	318	222	0
101204	65235	318	222	0
101205	65275	318	222	0
101206	65371	318	222	0
101207	65473	318	222	0
101208	65569	318	222	0
101209	65638	318	222	0
101210	65746	318	222	0
101211	65832	318	222	0
101212	65970	318	222	0
101213	66071	318	222	0
101214	66201	318	222	0
101215	66337	318	222	0
101216	66425	318	222	0
101217	66542	318	222	0
101218	66640	318	222	0
101219	66701	318	222	0
101220	66800	318	221	0
101221	66867	318	221	0
101222	66907	318	221	0
101223	66998	318	220	0
101224	67095	318	220	0
101225	67203	318	220	0
101226	67261	318	220	0
101227	67326	318	220	0
101228	67394	318	220	0
101229	67526	318	220	0
101230	67604	318	220	0
101231	67699	318	220	0
101232	67743	318	220	0
101233	67837	318	220	0
101234	67933	318	220	0
101235	68009	318	220	0
101236	68068	318	220	0
101237	68146	318	220	0
101238	68263	318	220	0
101239	68361	318	220	0
101240	68469	318	220	0
101241	68571	318	220	0
101242	68653	318	220	0
101243	68729	318	220	0
101244	68838	318	220	0
101245	68932	318	220	0
101246	69004	318	220	0
101247	69067	318	220	0
101248	69160	318	220	0
101249	69271	318	220	0
101250	69370	318	220	0
101251	69467	318	220	0
101252	69531	319	219	0
101253	69607	320	219	0
101254	69701	320	219	0
101255	69779	320	218	0
101256	69866	320	217	0
101257	69961	320	216	0
101258	70025	321	217	0
101259	70073	321	217	0
101260	70137	321	218	0
101261	70237	321	217	0
101262	70307	321	217	0
101263	70391	321	219	0
101264	70469	320	219	0
101265	70563	321	218	0
101266	70633	321	217	0
101267	70697	321	216	0
101268	70793	321	216	0
101269	70856	321	215	0
101270	70937	321	216	0
101271	71019	321	216	0
101272	71096	321	216	0
101273	71159	321	216	0
101274	71226	321	216	0
101275	71287	321	216	0
101276	71347	320	216	0
101277	71410	321	216	0
101278	71519	321	216	0
101279	71634	321	216	0
101280	71730	321	216	0
101281	71826	321	216	0
101282	71895	321	216	0
101283	71995	321	216	0
101284	72105	321	216	0
101285	72198	322	216	0
101286	72298	322	217	0
101287	72393	323	217	0
101288	72496	323	217	0
101289	72663	324	217	0
101290	72733	324	216	0
101291	72864	324	217	0
101292	72967	324	216	0
101293	73058	324	216	0
101294	73134	324	216	0
101295	73221	324	215	0
101296	73300	324	216	0
101297	73366	324	216	0
101298	73458	324	216	0
101299	73528	324	216	0
101300	73594	324	216	0
101301	73663	324	216	0
101302	73769	324	216	0
101303	73829	324	216	0
101304	73925	324	216	0
101305	74023	324	216	0
101306	74165	324	216	0
101307	74265	324	216	0
101308	74328	324	216	0
101309	74415	324	217	0
101310	74491	324	217	0
101311	74592	324	217	0
101312	74697	324	217	0
101313	74797	324	217	0
101314	74874	324	217	0
101315	74952	324	217	0
101316	74999	324	217	0
101317	75099	324	217	0
101318	75188	324	217	0
101319	75320	324	217	0
101320	75430	324	218	0
101321	75505	323	219	0
101322	75594	323	219	0
101323	75697	323	219	0
101324	75797	323	219	0
101325	75870	323	219	0
101326	75964	323	219	0
101327	76056	323	219	0
101328	76174	323	219	0
101329	76234	323	219	0
101330	76366	323	219	0
101331	76490	322	219	0
101332	76564	322	219	0
101333	76661	322	219	0
101334	76761	322	219	0
101335	76858	322	219	0
101336	76964	322	219	0
101337	77057	322	219	0
101338	77125	322	219	0
101339	77195	322	219	0
101340	77291	322	219	0
101341	77364	322	219	0
101342	77424	322	219	0
101343	77523	322	219	0
101344	77591	322	219	0
101345	77688	322	219	0
101346	77752	322	219	0
101347	77850	322	219	0
101348	77898	322	219	0
101349	77995	322	219	0
101350	78078	322	219	0
101351	78186	322	219	0
101352	78292	322	219	0
101353	78384	322	219	0
101354	78435	322	219	0
101355	78522	322	219	0
101356	78651	322	220	0
101357	78735	323	221	0
101358	78819	323	221	0
101359	78888	323	221	0
101360	78987	323	221	0
101361	79095	323	221	0
101362	79194	323	221	0
101363	79256	323	222	0
101364	79363	323	222	0
101365	79434	323	222	0
101366	79503	323	223	0
101367	79585	323	223	0
101368	79696	324	223	0
101369	79785	325	223	0
101370	79884	325	223	0
101371	80057	325	223	0
101372	80152	326	223	0
101373	80221	326	223	0
101374	80318	326	222	0
101375	80416	326	218	0
101376	80484	325	216	0
101377	80548	325	213	0
101378	80624	324	212	0
101379	80722	324	212	0
101380	80795	324	213	0
101381	80888	324	214	0
101382	80982	324	214	0
101383	81082	324	214	0
101384	81150	323	214	0
101385	81251	322	213	0
101386	81354	321	212	0
101387	81455	321	212	0
101388	81524	321	213	0
101389	81623	321	213	0
101390	81687	321	213	0
101391	81821	321	213	0
101392	81914	321	213	0
101393	81999	321	213	0
101394	82084	321	214	0
101395	82162	321	214	0
101396	82227	321	214	0
101397	82313	321	214	0
101398	82422	321	214	0
101399	82483	321	214	0
101400	82583	321	214	0
101401	82715	321	214	0
101402	82826	321	214	0
101403	82919	321	214	0
101404	82996	321	214	0
101405	83076	321	214	0
101406	83211	321	214	0
101407	83316	321	214	0
101408	83420	321	214	0
101409	83521	321	214	0
101410	83628	321	214	0
101411	83714	321	214	0
101412	83867	321	215	0
101413	84011	321	215	0
101414	84118	321	215	0
101415	84192	321	215	0
101416	84585	321	215	0
101417	84689	321	215	0
101418	84811	321	215	0
101419	84909	321	215	0
101420	85027	321	215	0
101421	85176	321	215	0
101422	85273	321	215	0
101423	85516	321	215	0
101424	85674	321	215	0
101425	85785	321	215	0
101426	85887	321	214	0
101427	85978	321	214	0
101428	86058	321	214	0
101429	86148	321	214	0
101430	86311	321	215	0
101431	86413	321	215	0
101432	86472	321	215	0
101433	86547	321	215	0
101434	86610	321	215	0
101435	86692	321	215	0
101436	86782	321	215	0
101437	86873	321	214	0
101438	86958	321	214	0
101439	87045	321	214	0
101440	87116	321	215	0
101441	87218	321	214	0
101442	87309	321	215	0
101443	87356	321	214	0
101444	87479	321	214	0
101445	87554	321	214	0
101446	87673	321	214	0
101447	87740	321	214	0
101448	87815	321	214	0
101449	87883	321	214	0
101450	87962	321	214	0
101451	88079	321	215	0
101452	88148	321	215	0
101453	88220	322	215	0
101454	88313	322	216	0
101455	88377	324	216	0
101456	88471	325	217	0
101457	88580	325	218	0
101458	88652	326	222	0
101459	88746	328	224	0
101460	88842	329	226	0
101461	88935	329	227	0
101462	89012	329	227	0
101463	89105	329	227	0
101464	89165	329	227	0
101465	89274	329	227	0
101466	89369	329	227	0
101467	89474	330	227	0
101468	89576	331	227	0
101469	89673	331	227	0
101470	89740	331	227	0
101471	89814	330	227	0
101472	89872	330	227	0
101473	89976	330	226	0
101474	90078	330	226	0
101475	90169	330	227	0
101476	90309	330	227	0
101477	90407	330	227	0
101478	90494	330	227	0
101479	90572	330	227	0
101480	90639	330	227	0
101481	90723	330	227	0
101482	90813	330	227	0
101483	90871	330	227	0
101484	90936	330	227	0
101485	91041	330	227	0
101486	91146	330	227	0
101487	91250	330	227	0
101488	91338	330	227	0
101489	91412	330	227	0
101490	91473	330	227	0
101491	91580	329	227	0
101492	91677	329	226	0
101493	91777	330	227	0
101494	91878	330	227	0
101495	91969	330	227	0
101496	92078	330	227	0
101497	92159	330	227	0
101498	92232	330	227	0
101499	92307	330	227	0
101500	92402	329	228	0
101501	92483	328	229	0
101502	92571	327	233	0
101503	92665	325	237	0
101504	92743	324	239	0
101505	92849	324	240	0
101506	92969	324	240	0
101507	93065	324	240	0
101508	93180	324	240	0
101509	93289	324	240	0
101510	93368	324	240	0
101511	93511	323	240	0
101512	93603	323	240	0
101513	93675	323	240	0
101514	93768	323	240	0
101515	93819	323	240	0
101516	93897	323	240	0
101517	93972	323	240	0
101518	94035	323	240	0
101519	94073	323	240	0
101520	94149	323	240	0
101521	94224	323	240	0
101522	94302	323	240	0
101523	94403	323	240	0
101524	94510	323	240	0
101525	94605	323	240	0
101526	94727	323	240	0
101527	94798	323	240	0
101528	94868	323	240	0
101529	94941	323	240	0
101530	95019	323	240	0
101531	95129	323	240	0
101532	95211	323	240	0
101533	95281	323	240	0
101534	95350	323	240	0
101535	95438	323	240	0
101536	95533	323	240	0
101537	95608	323	240	0
101538	95668	323	240	0
101539	95745	323	240	0
101540	95833	323	240	0
101541	95899	323	240	0
101542	95969	323	240	0
101543	96048	323	240	0
101544	96137	323	240	0
101545	96217	323	240	0
101546	96275	323	240	0
101547	96383	323	240	0
101548	96468	323	240	0
101549	96570	323	240	0
101550	96669	323	240	0
101551	96730	323	240	0
101552	96795	323	240	0
101553	96877	323	240	0
101554	96958	323	240	0
101555	97065	323	240	0
101556	97163	323	240	0
101557	97252	323	240	0
101558	97331	323	240	0
101559	97402	323	240	0
101560	97469	323	240	0
101561	97566	324	240	0
101562	97671	325	238	0
101563	97801	324	235	0
101564	97871	324	228	0
101565	97928	324	223	0
101566	97997	324	222	0
101567	98098	323	217	0
101568	98167	322	215	0
101569	98234	321	214	0
101570	98328	319	211	0
101571	98401	318	212	0
101572	98500	318	212	0
101573	98565	317	212	0
101574	98664	317	212	0
101575	98733	316	211	0
101576	98855	316	212	0
101577	98903	316	212	0
101578	99010	316	212	0
101579	99136	316	213	0
101580	99266	316	213	0
101581	99326	317	213	0
101582	99442	317	213	0
101583	99514	317	214	0
101584	99625	317	213	0
101585	99736	317	213	0
101586	99804	317	214	0
101587	99861	317	213	0
101588	99960	317	213	0
101589	100059	317	213	0
101590	100162	317	213	0
101591	100228	316	212	0
101592	100328	316	212	0
101593	100392	316	211	0
101594	100488	316	211	0
101595	100536	316	212	0
101596	100631	316	212	0
101597	100696	316	212	0
101598	100762	316	212	0
101599	100843	316	212	0
101600	100930	316	212	0
101601	100995	316	212	0
101602	101073	316	212	0
101603	101171	316	212	0
101604	101295	316	212	0
101605	101398	316	212	0
101606	101530	316	212	0
101607	101597	316	211	0
101608	101662	316	211	0
101609	101765	315	211	0
101610	101828	315	212	0
101611	101971	315	212	0
101612	102078	315	212	0
101613	102170	315	212	0
101614	102233	315	212	0
101615	102305	315	212	0
101616	102457	315	212	0
101617	102524	315	212	0
101618	102606	315	212	0
101619	102696	315	212	0
101620	102788	315	212	0
101621	102868	315	212	0
101622	102930	315	212	0
101623	103030	315	212	0
101624	103108	315	212	0
101625	103198	315	211	0
101626	103287	315	211	0
101627	103384	315	211	0
101628	103428	315	211	0
101629	103485	315	211	0
101630	103562	315	211	0
101631	103639	315	211	0
101632	103721	315	211	0
101633	103786	315	211	0
101634	103865	315	211	0
101635	103960	315	211	0
101636	104025	315	211	0
101637	104090	315	211	0
101638	104197	315	211	0
101639	104294	315	211	0
101640	104358	315	211	0
101641	104432	315	211	0
101642	104543	315	211	0
101643	104619	315	211	0
101644	104701	315	211	0
101645	104796	315	211	0
101646	104891	315	212	0
101647	104957	315	211	0
101648	105032	315	211	0
101649	105107	316	211	0
101650	105169	316	210	0
101651	105257	316	207	0
101652	105353	316	207	0
101653	105462	316	207	0
101654	105558	316	207	0
101655	105712	316	207	0
101656	105858	315	209	0
101657	105959	315	209	0
101658	106055	315	209	0
101659	106183	315	209	0
101660	106269	315	209	0
101661	106365	315	209	0
101662	106443	315	209	0
101663	106581	315	209	0
101664	106658	315	208	0
101665	106765	315	207	0
101666	106858	315	207	0
101667	106993	315	207	0
101668	107057	315	207	0
101669	107124	315	207	0
101670	107195	315	207	0
101671	107256	315	207	0
101672	107343	315	207	0
101673	107436	315	207	0
101674	107526	315	207	0
101675	107595	315	207	0
101676	107696	315	207	0
101677	107785	315	207	0
101678	107869	315	207	0
101679	107999	315	207	0
101680	108088	315	207	0
101681	108157	315	207	0
101682	108282	315	207	0
101683	108361	315	207	0
101684	108457	315	207	0
101685	108552	315	207	0
101686	108651	315	207	0
101687	108758	315	207	0
101688	108852	315	207	0
101689	109046	315	207	0
101690	109148	316	207	0
101691	109259	317	209	0
101692	109357	316	210	0
101693	109513	316	211	0
101694	109657	316	215	0
101695	109751	317	220	0
101696	109901	318	224	0
101697	109990	321	230	0
101698	110077	321	232	0
101699	110143	323	236	0
101700	110210	324	240	0
101701	110290	324	242	0
101702	110365	326	246	0
101703	110449	326	248	0
101704	110538	326	250	0
101705	110616	327	252	0
101706	110721	327	252	0
101707	110798	327	255	0
101708	110914	327	257	0
101709	110954	327	258	0
101710	111024	326	260	0
101711	111143	326	263	0
101712	111218	325	268	0
101713	111281	326	270	0
101714	111385	325	272	0
101715	111487	325	272	0
101716	111581	325	272	0
101717	111687	325	272	0
101718	111822	325	272	0
101719	111980	325	272	0
101720	112074	325	272	0
101721	112192	325	272	0
101722	112290	325	272	0
101723	112413	325	272	0
101724	112496	325	272	0
101725	112557	325	272	0
101726	112622	325	272	0
101727	112694	325	272	0
101728	112785	325	272	0
101729	112888	325	271	0
101730	113021	325	270	0
101731	113113	325	268	0
101732	113241	324	267	0
101733	113339	323	264	0
101734	113495	323	259	0
101735	113620	323	254	0
101736	113721	322	251	0
101737	113860	322	248	0
101738	113922	322	244	0
101739	114016	322	242	0
101740	114113	321	239	0
101741	114177	321	238	0
101742	114260	321	237	0
101743	114347	321	237	0
101744	114439	321	237	0
101745	114519	321	237	0
101746	114613	321	237	0
101747	114707	321	237	0
101748	114778	321	237	0
101749	114955	321	237	0
101750	115047	321	237	0
101751	115119	321	237	0
101752	115190	321	236	0
101753	115248	321	232	0
101754	115353	321	228	0
101755	115419	320	222	0
101756	115478	320	219	0
101757	115566	319	215	0
101758	115705	318	209	0
101759	115759	318	205	0
101760	115846	318	205	0
101761	115972	318	205	0
101762	116080	318	204	0
101763	116176	318	204	0
101764	116247	318	204	0
101765	116316	318	204	0
101766	116409	318	204	0
101767	116484	318	204	0
101768	116558	318	204	0
101769	116650	318	204	0
101770	116746	318	204	0
101771	116809	318	204	0
101772	116940	318	204	0
101773	117037	318	204	0
101774	117112	318	204	0
101775	117181	318	204	0
101776	117260	318	204	0
101777	117378	318	204	0
101778	117481	318	204	0
101779	117568	318	204	0
101780	117662	318	204	0
101781	117740	318	204	0
101782	117813	318	204	0
101783	117906	318	204	0
101784	117978	318	204	0
101785	118081	318	204	0
101786	118168	318	204	0
101787	118243	318	204	0
101788	118342	318	204	0
101789	118425	318	204	0
101790	118505	318	204	0
101791	118590	318	204	0
101792	118647	318	204	0
101793	118749	318	204	0
101794	118876	318	204	0
101795	118965	318	204	0
101796	119078	318	204	0
101797	119174	318	204	0
101798	119247	318	204	0
101799	119326	318	204	0
101800	119400	318	204	0
101801	119458	318	204	0
101802	119542	318	204	0
101803	119618	318	204	0
101804	119704	318	204	0
101805	119802	318	204	0
101806	119876	318	204	0
101807	119976	318	204	0
101808	120107	318	204	0
101809	120170	318	204	0
101810	120280	318	204	0
101811	120402	318	204	0
101812	120442	318	204	0
101813	120536	318	204	0
101814	120638	318	204	0
101815	120747	318	204	0
101816	120848	318	204	0
101817	120935	318	204	0
101818	121036	318	204	0
101819	121114	318	204	0
101820	121207	318	204	0
101821	121280	318	204	0
101822	121369	318	204	0
101823	121448	318	204	0
101824	121544	318	204	0
101825	121612	318	204	0
101826	121707	318	204	0
101827	121799	318	204	0
101828	121868	318	204	0
101829	121943	318	204	0
101830	122032	318	204	0
101831	122142	318	204	0
101832	122209	318	204	0
101833	122295	318	204	0
101834	122340	318	204	0
101835	122436	318	204	0
101836	122504	318	204	0
101837	122601	318	204	0
101838	122659	318	204	0
101839	122774	318	204	0
101840	122838	318	204	0
101841	122976	318	204	0
101842	123107	318	204	0
101843	123162	318	204	0
101844	123339	318	204	0
101845	123404	318	204	0
101846	123538	318	204	0
101847	123609	318	204	0
101848	123708	318	204	0
101849	123801	318	204	0
101850	123876	318	204	0
101851	123963	318	204	0
101852	124076	318	204	0
101853	124204	318	204	0
101854	124266	318	204	0
101855	124340	318	204	0
101856	124429	318	204	0
101857	124510	318	204	0
101858	124586	318	204	0
101859	124687	318	204	0
101860	124807	319	204	0
101861	124897	319	205	0
101862	124970	319	205	0
101863	125069	319	205	0
101864	125212	319	205	0
101865	125308	319	204	0
101866	125439	319	204	0
101867	125532	319	204	0
101868	125675	319	205	0
101869	125753	319	204	0
101870	125832	318	205	0
101871	125907	318	205	0
101872	125993	318	205	0
101873	126097	318	204	0
101874	126199	318	204	0
101875	126274	319	204	0
101876	126331	319	204	0
101877	126425	318	205	0
101878	126475	318	205	0
101879	126573	318	205	0
101880	126663	318	205	0
101881	126761	318	205	0
101882	126829	318	205	0
101883	126899	318	205	0
101884	126999	318	205	0
101885	127106	318	205	0
101886	127193	318	205	0
101887	127256	318	205	0
101888	127298	318	205	0
101889	127372	318	205	0
101890	127469	318	204	0
101891	127561	319	204	0
101892	127626	319	204	0
101893	127696	319	204	0
101894	127769	319	204	0
101895	127864	319	204	0
101896	127943	319	204	0
101897	128045	319	204	0
101898	128139	319	204	0
101899	128269	319	204	0
101900	128339	319	204	0
101901	128424	319	204	0
101902	128489	319	204	0
101903	128600	319	204	0
101904	128695	319	204	0
101905	128792	319	204	0
101906	128898	319	204	0
101907	129034	319	204	0
101908	129165	319	204	0
101909	129257	319	204	0
101910	129324	319	204	0
101911	129436	319	204	0
101912	129546	319	204	0
101913	129609	319	204	0
101914	129710	319	204	0
101915	129831	319	204	0
101916	129896	319	204	0
101917	129970	319	204	0
101918	130061	319	204	0
101919	130137	319	204	0
101920	130258	319	204	0
101921	130364	319	204	0
101922	130458	319	204	0
101923	130574	319	204	0
101924	130661	319	204	0
101925	130729	319	204	0
101926	130826	319	204	0
101927	130911	319	204	0
101928	130972	319	204	0
101929	131070	319	204	0
101930	131161	319	204	0
101931	131225	319	204	0
101932	131290	319	204	0
101933	131398	319	204	0
101934	131491	319	204	0
101935	131537	319	204	0
101936	131635	319	204	0
101937	131722	319	204	0
101938	131805	319	204	0
101939	131932	319	204	0
101940	132056	319	204	0
101941	132126	319	205	0
101942	132184	318	207	0
101943	132229	318	207	0
101944	132300	318	208	0
101945	132382	318	208	0
101946	132463	318	210	0
101947	132553	318	212	0
101948	132629	319	214	0
101949	132694	318	214	0
101950	132756	319	215	0
101951	132824	319	216	0
101952	132888	319	218	0
101953	132971	319	218	0
101954	133031	318	219	0
101955	133083	318	220	0
101956	133157	318	221	0
101957	133252	318	224	0
101958	133322	318	227	0
101959	133393	318	231	0
101960	133463	318	234	0
101961	133558	318	237	0
101962	133634	318	241	0
101963	133721	318	246	0
101964	133820	319	249	0
101965	133891	319	259	0
101966	133991	319	261	0
101967	134092	320	270	0
101968	134184	321	275	0
101969	134247	321	279	0
101970	134299	321	286	0
101971	134389	321	287	0
101972	134480	322	292	0
101973	134553	323	296	0
101974	134624	323	297	0
101975	134725	323	297	0
101976	134816	323	297	0
101977	134885	323	298	0
101978	134952	323	298	0
101979	135087	323	299	0
101980	135166	323	299	0
101981	135264	323	299	0
101982	135352	323	299	0
101983	135417	323	299	0
101984	135483	323	299	0
101985	135592	323	299	0
101986	135691	323	299	0
101987	135785	323	299	0
101988	135852	323	299	0
101989	135989	323	299	0
101990	136063	323	301	0
101991	136161	323	304	0
101992	136294	322	310	0
101993	136419	322	318	0
101994	136532	321	325	0
101995	136594	320	332	0
101996	136757	320	332	0
101997	136830	319	332	0
101998	136923	319	332	0
101999	137035	319	332	0
102000	137133	319	332	0
102001	137294	318	332	0
102002	137403	315	336	0
102003	137485	313	337	0
102004	137596	313	337	0
102005	137716	313	337	0
102006	137845	313	337	0
102007	137913	313	337	0
102008	137997	313	337	0
102009	138085	313	337	0
102010	138156	313	337	0
102011	138258	313	337	0
102012	138324	313	337	0
102013	138419	313	337	0
102014	138484	313	337	0
102015	138554	313	337	0
102016	138626	313	337	0
102017	138705	313	337	0
102018	138781	313	337	0
102019	138852	313	337	0
102020	138930	313	337	0
102021	138990	313	337	0
102022	139091	313	337	0
102023	139155	313	337	0
102024	139216	313	337	0
102025	139290	313	337	0
102026	139384	314	335	0
102027	139511	314	334	0
102028	139610	315	333	0
102029	139696	315	333	0
102030	139788	315	333	0
102031	139913	315	333	0
102032	140015	315	333	0
102033	140094	314	332	0
102034	140188	314	331	0
102035	140283	313	329	0
102036	140378	313	326	0
102037	140486	313	322	0
102038	140605	313	320	0
102039	140732	313	318	0
102040	140859	313	317	0
102041	140936	313	316	0
102042	141027	313	316	0
102043	141090	313	316	0
102044	141176	313	316	0
102045	141242	313	316	0
102046	141345	313	316	0
102047	141405	313	316	0
102048	141491	313	316	0
102049	141579	313	316	0
102050	141655	313	316	0
102051	141778	313	316	0
102052	141855	313	316	0
102053	141945	313	314	0
102054	142075	313	311	0
102055	142178	314	299	0
102056	142281	314	291	0
102057	142385	314	285	0
102058	142471	314	277	0
102059	142520	313	268	0
102060	142578	313	267	0
102061	142650	313	265	0
102062	142714	312	260	0
102063	142845	312	256	0
102064	142917	311	251	0
102065	142988	311	244	0
102066	143080	309	239	0
102067	143177	308	231	0
102068	143241	306	226	0
102069	143305	306	220	0
102070	143353	305	216	0
102071	143451	305	214	0
102072	143544	303	208	0
102073	143617	301	204	0
102074	143713	299	201	0
102075	143784	298	201	0
102076	143857	297	202	0
102077	143947	296	202	0
102078	144013	296	201	0
102079	144090	295	201	0
102080	144158	295	200	0
102081	144231	294	200	0
102082	144295	294	200	0
102083	144408	294	201	0
102084	144505	295	201	0
102085	144577	295	201	0
102086	144652	295	201	0
102087	144751	295	201	0
102088	144819	295	201	0
102089	144895	295	201	0
102090	144958	295	201	0
102091	145043	295	201	0
102092	145151	295	201	0
102093	145241	295	201	0
102094	145338	295	201	0
102095	145378	295	201	0
102096	145449	295	201	0
102097	145546	295	201	0
102098	145675	295	201	0
102099	145767	295	201	0
102100	145845	295	201	0
102101	145922	294	201	0
102102	145984	295	201	0
102103	146050	295	201	0
102104	146144	295	201	0
102105	146248	295	201	0
102106	146345	295	201	0
102107	146439	295	201	0
102108	146506	295	201	0
102109	146590	295	201	0
102110	146650	295	201	0
102111	146739	295	201	0
102112	146837	295	201	0
102113	146937	295	201	0
102114	147030	295	201	0
102115	147107	295	201	0
102116	147177	295	201	0
102117	147241	295	201	0
102118	147304	295	201	0
102119	147369	295	201	0
102120	147433	294	201	0
102121	147514	294	201	0
102122	147587	295	201	0
102123	147691	295	201	0
102124	147853	295	201	0
102125	147940	295	201	0
102126	148011	295	201	0
102127	148073	295	201	0
102128	148140	295	201	0
102129	148254	295	201	0
102130	148368	295	201	0
102131	148413	295	201	0
102132	148506	295	201	0
102133	148602	295	201	0
102134	148678	295	201	0
102135	148771	295	201	0
102136	148843	295	201	0
102137	148913	295	201	0
102138	149006	295	201	0
102139	149146	295	201	0
102140	149250	295	201	0
102141	149339	295	201	0
102142	149421	295	201	0
102143	149517	294	201	0
102144	149671	295	201	0
102145	149770	295	201	0
102146	149843	295	201	0
102147	149952	295	201	0
102148	150012	295	201	0
102149	150144	295	201	0
102150	150234	295	201	0
102151	150299	295	201	0
102152	150366	295	201	0
102153	150472	295	201	0
102154	150570	295	201	0
102155	150639	295	201	0
102156	150706	295	201	0
102157	150809	295	201	0
102158	150870	295	201	0
102159	150947	295	201	0
102160	151036	295	201	0
102161	151130	295	201	0
102162	151179	295	201	0
102163	151306	295	201	0
102164	151409	295	201	0
102165	151531	295	201	0
102166	151615	296	201	0
102167	151710	296	201	0
102168	151831	296	201	0
102169	151906	296	201	0
102170	151972	296	202	0
102171	152046	296	202	0
102172	152109	296	202	0
102173	152203	295	203	0
102174	152264	295	203	0
102175	152329	295	203	0
102176	152407	294	203	0
102177	152498	293	203	0
102178	152611	293	203	0
102179	152705	292	203	0
102180	152837	290	203	0
102181	152913	289	202	0
102182	153007	288	202	0
102183	153093	287	200	0
102184	153174	287	200	0
102185	153268	287	199	0
102186	153344	287	199	0
102187	153431	287	199	0
102188	153506	287	198	0
102189	153613	287	196	0
102190	153704	287	193	0
102191	153801	287	191	0
102192	153896	286	191	0
102193	153993	286	191	0
102194	154080	285	189	0
102195	154143	284	188	0
102196	154211	283	187	0
102197	154275	283	187	0
102198	154385	283	186	0
102199	154476	283	187	0
102200	154570	283	186	0
102201	154664	283	186	0
102202	154729	283	186	0
102203	154792	283	186	0
102204	154865	283	186	0
102205	154964	283	186	0
102206	155019	283	186	0
102207	155096	283	186	0
102208	155164	283	186	0
102209	155233	283	186	0
102210	155302	283	186	0
102211	155408	283	186	0
102212	155497	283	186	0
102213	155582	283	186	0
102214	155666	283	186	0
102215	155774	283	186	0
102216	155863	283	186	0
102217	155948	283	186	0
102218	156060	283	186	0
102219	156141	283	186	0
102220	156204	283	186	0
102221	156362	283	186	0
102222	156424	282	185	0
102223	156502	282	185	0
102224	156626	282	185	0
102225	156719	282	185	0
102226	156798	282	185	0
102227	156942	282	185	0
102228	157036	282	185	0
102229	157103	283	186	0
102230	157193	283	186	0
102231	157290	283	186	0
102232	157360	283	186	0
102233	157439	283	186	0
102234	157518	283	186	0
102235	157581	283	186	0
102236	157649	283	186	0
102237	157697	283	186	0
102238	157775	283	186	0
102239	157836	282	185	0
102240	157918	282	185	0
102241	157995	283	186	0
102242	158121	283	186	0
102243	158226	283	186	0
102244	158287	282	185	0
102245	158424	282	185	0
102246	158511	282	185	0
102247	158602	282	185	0
102248	158698	282	185	0
102249	158793	282	185	0
102250	158855	282	185	0
102251	158954	282	185	0
102252	159082	282	185	0
102253	159197	282	185	0
102254	159289	282	185	0
102255	159394	282	185	0
102256	159469	283	186	0
102257	159531	283	186	0
102258	159627	283	186	0
102259	159700	283	186	0
102260	159795	283	186	0
102261	159887	283	186	0
102262	159961	283	186	0
102263	160096	283	186	0
102264	160187	283	186	0
102265	160295	283	186	0
102266	160395	283	186	0
102267	160537	283	186	0
102268	160628	283	186	0
102269	160727	283	186	0
102270	160892	283	186	0
102271	161027	283	186	0
102272	161092	283	186	0
102273	161162	283	186	0
102274	161264	282	185	0
102275	161352	282	185	0
102276	161471	282	185	0
102277	161555	282	185	0
102278	161633	283	186	0
102279	161725	283	186	0
102280	161787	283	186	0
102281	161857	283	186	0
102282	161920	283	186	0
102283	161960	283	186	0
102284	162034	283	186	0
102285	162202	283	186	0
102286	162360	283	186	0
102287	162457	283	186	0
102288	162556	283	186	0
102289	162651	283	186	0
102290	162734	283	186	0
102291	162803	283	186	0
102292	162879	283	186	0
102293	162959	283	185	0
102294	163058	282	185	0
102295	163125	282	185	0
102296	163199	282	185	0
102297	163294	282	185	0
102298	163357	282	185	0
102299	163424	283	186	0
102300	163526	283	186	0
102301	163619	283	186	0
102302	163695	283	186	0
102303	163775	283	186	0
102304	163849	283	185	0
102305	163926	282	185	0
102306	164021	282	185	0
102307	164157	282	185	0
102308	164224	282	185	0
102309	164282	282	185	0
102310	164359	282	185	0
102311	164455	282	185	0
102312	164525	282	185	0
102313	164652	282	185	0
102314	164720	282	185	0
102315	164791	283	186	0
102316	164855	283	186	0
102317	164979	283	186	0
102318	165053	283	186	0
102319	165121	283	186	0
102320	165211	282	185	0
102321	165386	282	185	0
102322	165484	282	185	0
102323	165586	282	185	0
102324	165678	283	186	0
102325	165758	283	186	0
102326	165852	283	186	0
102327	165937	283	186	0
102328	165988	283	186	0
102329	166083	283	186	0
102330	166121	283	186	0
102331	166210	283	185	0
102332	166289	282	185	0
102333	166390	282	185	0
102334	166481	282	185	0
102335	166529	282	185	0
102336	166616	283	186	0
102337	166712	283	186	0
102338	166783	283	186	0
102339	166828	283	186	0
102340	166919	283	186	0
102341	167018	283	186	0
102342	167143	282	185	0
102343	167225	282	185	0
102344	167293	282	185	0
102345	167360	283	186	0
102346	167483	283	186	0
102347	167544	283	185	0
102348	167595	282	185	0
102349	167658	282	185	0
102350	167758	282	185	0
102351	167851	283	186	0
102352	167985	283	186	0
102353	168095	283	185	0
102354	168184	282	185	0
102355	168280	282	185	0
102356	168375	282	185	0
102357	168452	282	185	0
102358	168512	282	185	0
102359	168588	282	185	0
102360	168652	283	186	0
102361	168712	283	186	0
102362	168778	282	185	0
102363	168855	282	185	0
102364	168947	282	185	0
102365	169016	282	185	0
102366	169081	282	185	0
102367	169161	282	185	0
102368	169303	282	185	0
102369	169377	282	185	0
102370	169521	282	186	0
102371	169614	283	186	0
102372	169716	283	186	0
102373	169816	283	186	0
102374	169894	283	186	0
102375	169980	283	185	0
102376	170088	283	184	0
102377	170180	283	184	0
102378	170243	283	183	0
102379	170306	284	182	0
102380	170444	284	183	0
102381	170580	284	183	0
102382	170682	283	184	0
102383	170776	283	184	0
102384	170837	284	183	0
102385	170893	283	183	0
102386	170981	283	183	0
102387	171081	283	182	0
102388	171145	283	182	0
102389	171209	284	182	0
102390	171320	284	182	0
102391	171414	284	182	0
102392	171509	284	182	0
102393	171642	284	181	0
102394	171705	283	179	0
102395	171778	283	178	0
102396	171892	283	177	0
102397	171984	283	174	0
102398	172073	282	172	0
102399	172150	281	171	0
102400	172237	279	170	0
102401	172291	278	168	0
102402	172378	276	167	0
102403	172473	274	164	0
102404	172552	272	159	0
102405	172619	271	155	0
102406	172679	269	150	0
102407	172744	268	147	0
102408	172814	267	140	0
102409	172904	266	137	0
102410	172979	265	128	0
102411	173076	265	126	0
102412	173144	264	121	0
102413	173211	263	114	0
102414	173272	263	110	0
102415	173346	263	107	0
102416	173420	263	102	0
102417	173507	263	99	0
102418	173553	262	95	0
102419	173642	262	92	0
102420	173745	261	89	0
102421	173847	261	87	0
102422	173996	261	86	0
102423	174138	261	86	0
102424	174191	261	86	0
102425	174275	261	86	0
102426	174354	261	86	0
102427	174480	262	86	0
102428	174569	266	80	0
102429	174652	268	77	0
102430	174756	269	74	0
102431	174843	270	71	0
102432	174972	270	71	0
102433	175041	270	71	0
102434	175138	270	71	0
102435	175211	270	71	0
102436	175305	270	71	0
102437	175369	270	71	0
102438	175441	270	71	0
102439	175507	270	71	0
102440	175606	270	71	0
102441	175682	270	71	0
102442	175767	270	71	0
102443	175874	270	71	0
102444	175970	270	71	0
102445	176052	270	71	0
102446	176137	270	71	0
102447	176198	270	71	0
102448	176283	270	71	0
102449	176348	270	71	0
102450	176441	270	71	0
102451	176503	268	70	0
102452	176570	267	70	0
102453	176633	263	66	0
102454	176696	261	63	0
102455	176760	260	61	0
102456	176830	259	57	0
102457	176947	257	52	0
102458	177033	255	42	0
102459	177119	253	35	0
102460	177174	253	33	0
102461	177251	253	30	0
102462	177317	252	30	0
102463	177404	252	30	0
102464	177513	252	30	0
102465	177604	252	29	0
102466	177723	252	29	0
102467	177822	252	29	0
102468	177907	252	29	0
102469	177997	252	30	0
102470	178108	252	30	0
102471	178178	252	29	0
102472	178266	252	29	0
