frame	time	x	y	burst
134342	35	142	86	0
134343	102	142	83	0
134344	164	144	77	0
134345	229	146	71	0
134346	300	147	66	0
134347	358	149	62	0
134348	404	151	58	0
134349	466	151	58	0
134350	528	151	58	0
134351	586	153	54	0
134352	661	153	53	0
134353	728	154	57	0
134354	786	154	58	0
134355	850	154	58	0
134356	903	154	58	0
134357	965	154	58	0
134358	1029	156	59	0
134359	1094	159	58	0
134360	1166	160	58	0
134361	1221	168	55	0
134362	1293	170	54	0
134363	1334	176	52	0
134364	1408	181	49	0
134365	1497	188	46	0
134366	1557	194	42	0
134367	1615	201	39	0
134368	1694	201	38	0
134369	1755	201	38	0
134370	1815	201	38	0
134371	1898	203	37	0
134372	1990	206	36	0
134373	2033	213	34	0
134374	2097	213	35	0
134375	2157	213	35	0
134376	2205	213	35	0
134377	2296	213	35	0
134378	2367	217	34	0
134379	2424	219	34	0
134380	2498	221	33	0
134381	2568	222	33	0
134382	2669	222	35	0
134383	2733	222	35	0
134384	2798	221	37	0
134385	2871	221	41	0
134386	2959	221	43	0
134387	3029	223	50	0
134388	3123	224	55	0
134389	3185	226	62	0
134390	3239	228	69	0
134391	3332	227	70	0
134392	3403	228	74	0
134393	3472	230	77	0
134394	3534	230	78	0
134395	3621	229	78	0
134396	3698	230	82	0
134397	3762	230	82	0
134398	3860	230	82	0
134399	3924	230	82	0
134400	3994	230	83	0
134401	4051	230	85	0
134402	4113	230	86	0
134403	4185	231	86	0
134404	4232	231	89	0
134405	4302	231	91	0
134406	4398	232	93	0
134407	4497	232	93	0
134408	4562	232	93	0
134409	4632	232	94	0
134410	4701	232	94	0
134411	4759	232	94	0
134412	4852	231	94	0
134413	4925	232	95	0
134414	4994	232	95	0
134415	5054	232	95	0
134416	5101	232	94	0
134417	5189	232	94	0
134418	5250	232	94	0
134419	5300	233	94	0
134420	5336	233	95	0
134421	5385	233	95	0
134422	5430	233	94	0
134423	5534	233	95	0
134424	5593	233	95	0
134425	5643	233	97	0
134426	5715	234	99	0
134427	5764	234	102	0
134428	5826	234	103	0
134429	5894	234	107	0
134430	5962	234	111	0
134431	6028	234	115	0
134432	6115	235	118	0
134433	6183	235	126	0
134434	6250	235	127	0
134435	6320	235	131	0
134436	6389	235	134	0
134437	6482	235	138	0
134438	6548	234	144	0
134439	6628	235	148	0
134440	6686	236	157	0
134441	6758	236	162	0
134442	6809	237	167	0
134443	6854	237	173	0
134444	6947	237	176	0
134445	6996	239	184	0
134446	7062	239	187	0
134447	7125	240	190	0
134448	7187	240	196	0
134449	7254	241	205	0
134450	7321	242	211	0
134451	7389	243	218	0
134452	7449	243	224	0
134453	7513	243	227	0
134454	7567	244	236	0
134455	7621	245	239	0
134456	7691	245	242	0
134457	7792	246	251	0
134458	7859	247	258	0
134459	7927	248	264	0
134460	7996	249	270	0
134461	8056	250	280	0
134462	8147	251	285	0
134463	8224	253	295	0
134464	8325	253	300	0
134465	8389	252	306	0
134466	8485	252	313	0
134467	8553	252	318	0
134468	8631	252	324	0
134469	8696	251	329	0
134470	8756	251	334	0
134471	8821	251	338	0
134472	8886	251	344	0
134473	8949	251	348	0
134474	9025	252	352	0
134475	9089	252	354	0
134476	9157	252	360	0
134477	9221	250	366	0
134478	9287	250	374	0
134479	9349	248	380	0
134480	9414	248	385	0
134481	9457	247	391	0
134482	9524	247	394	0
134483	9590	247	396	0
134484	9651	247	398	0
134485	9727	247	401	0
134486	9814	247	402	0
134487	9886	248	406	0
134488	9945	248	408	0
134489	10004	250	415	0
134490	10065	250	418	0
134491	10123	252	421	0
134492	10189	253	428	0
134493	10256	253	433	0
134494	10317	253	438	0
134495	10382	254	441	0
134496	10441	255	445	0
134497	10519	255	445	0
134498	10589	255	445	0
134499	10657	255	446	0
134500	10748	255	449	0
134501	10800	256	452	0
134502	10862	258	457	0
134503	10928	258	455	0
134504	11013	258	454	0
134505	11088	258	454	0
134506	11153	258	453	0
134507	11223	258	453	0
134508	11317	258	454	0
134509	11413	258	456	0
134510	11479	258	455	0
134511	11553	257	450	0
134512	11600	257	448	0
134513	11661	257	448	0
134514	11716	258	448	0
134515	11784	258	445	0
134516	11868	258	444	0
134517	11917	258	442	0
134518	11979	258	441	0
134519	12052	258	441	0
134520	12117	258	440	0
134521	12176	257	438	0
134522	12253	256	432	0
134523	12323	255	429	0
134524	12382	255	422	0
134525	12484	254	420	0
134526	12546	253	413	0
134527	12615	253	405	0
134528	12705	252	402	0
134529	12771	252	394	0
134530	12841	252	392	0
134531	12893	251	387	0
134532	12949	251	386	0
134533	13013	250	384	0
134534	13083	250	380	0
134535	13144	248	374	0
134536	13222	248	371	0
134537	13283	246	363	0
134538	13351	246	360	0
134539	13420	246	352	0
134540	13488	245	348	0
134541	13580	244	341	0
134542	13657	244	336	0
134543	13724	244	330	0
134544	13786	244	328	0
134545	13847	244	325	0
134546	13919	244	325	0
134547	14003	244	323	0
134548	14077	243	321	0
134549	14149	243	321	0
134550	14213	243	321	0
134551	14313	243	321	0
134552	14380	243	321	0
134553	14444	243	321	0
134554	14517	243	321	0
134555	14582	243	321	0
134556	14676	243	321	0
134557	14741	243	320	0
134558	14814	243	321	0
134559	14881	243	321	0
134560	14952	243	320	0
134561	15045	243	320	0
134562	15137	243	320	0
134563	15199	242	320	0
134564	15273	243	320	0
134565	15319	242	320	0
134566	15383	243	321	0
134567	15467	243	321	0
134568	15527	243	321	0
134569	15588	243	320	0
134570	15651	243	320	0
134571	15714	243	320	0
134572	15781	243	320	0
134573	15845	242	320	0
134574	15918	243	320	0
134575	15994	243	320	0
134576	16048	243	320	0
134577	16109	243	320	0
134578	16171	243	320	0
134579	16207	243	320	0
134580	16271	243	320	0
134581	16343	243	320	0
134582	16405	243	320	0
134583	16453	243	320	0
134584	16549	243	320	0
134585	16617	243	320	0
134586	16677	243	320	0
134587	16776	243	320	0
134588	16848	243	320	0
134589	16913	243	320	0
134590	16983	243	320	0
134591	17076	243	320	0
134592	17142	243	320	0
134593	17238	243	320	0
134594	17290	243	320	0
134595	17350	243	320	0
134596	17411	243	320	0
134597	17478	243	320	0
134598	17567	243	320	0
134599	17647	243	320	0
134600	17708	243	320	0
134601	17767	243	320	0
134602	17805	243	320	0
134603	17910	243	320	0
134604	18005	243	320	0
134605	18081	243	320	0
134606	18167	243	320	0
134607	18232	243	320	0
134608	18289	243	320	0
134609	18352	243	320	0
134610	18416	243	320	0
134611	18482	243	320	0
134612	18546	243	320	0
134613	18645	243	320	0
134614	18709	243	320	0
134615	18775	243	320	0
134616	18844	243	320	0
134617	18912	243	320	0
134618	18967	243	320	0
134619	19021	243	320	0
134620	19108	243	320	0
134621	19173	243	320	0
134622	19243	243	320	0
134623	19308	243	320	0
134624	19380	243	320	0
134625	19429	243	320	0
134626	19495	243	320	0
134627	19551	243	320	0
134628	19635	243	320	0
134629	19704	243	320	0
134630	19749	243	320	0
134631	19805	243	320	0
134632	19867	242	320	0
134633	19911	242	320	0
134634	20005	242	320	0
134635	20091	243	320	0
134636	20142	243	320	0
134637	20201	243	320	0
134638	20272	243	320	0
134639	20336	243	320	0
134640	20404	243	320	0
134641	20465	243	320	0
134642	20533	243	320	0
134643	20598	243	320	0
134644	20642	243	320	0
134645	20712	243	320	0
134646	20772	243	320	0
134647	20843	243	320	0
134648	20909	243	320	0
134649	20978	243	320	0
134650	21042	243	320	0
134651	21111	242	320	0
134652	21172	242	320	0
134653	21242	242	320	0
134654	21304	242	320	0
134655	21361	242	320	0
134656	21432	242	320	0
134657	21495	243	320	0
134658	21555	243	320	0
134659	21625	243	320	0
134660	21683	243	320	0
134661	21766	244	320	0
134662	21827	244	320	0
134663	21898	244	320	0
134664	21972	244	320	0
134665	22038	243	320	0
134666	22103	243	320	0
134667	22180	243	320	0
134668	22238	243	319	0
134669	22297	243	320	0
134670	22352	243	319	0
134671	22415	243	320	0
134672	22479	243	319	0
134673	22544	243	320	0
134674	22601	243	320	0
134675	22670	243	320	0
134676	22727	243	320	0
134677	22791	244	321	0
134678	22870	244	320	0
134679	22954	244	320	0
134680	23038	244	320	0
134681	23096	244	320	0
134682	23168	243	320	0
134683	23233	243	320	0
134684	23302	243	320	0
134685	23360	243	320	0
134686	23422	243	320	0
134687	23498	243	320	0
134688	23562	243	320	0
134689	23625	243	320	0
134690	23698	243	319	0
134691	23765	243	319	0
134692	23824	243	319	0
134693	23873	243	320	0
134694	23931	244	320	0
134695	23973	243	320	0
134696	24038	243	320	0
134697	24123	243	320	0
134698	24179	243	320	0
134699	24236	243	320	0
134700	24277	243	320	0
134701	24354	243	320	0
134702	24421	243	320	0
134703	24491	243	320	0
134704	24559	243	320	0
134705	24628	243	320	0
134706	24691	243	319	0
134707	24761	243	319	0
134708	24818	243	320	0
134709	24877	243	320	0
134710	24963	243	320	0
134711	25029	243	320	0
134712	25102	243	320	0
134713	25164	243	320	0
134714	25207	243	318	0
134715	25268	243	318	0
134716	25364	243	318	0
134717	25428	243	317	0
134718	25513	243	317	0
134719	25604	243	317	0
134720	25670	243	317	0
134721	25740	243	317	0
134722	25829	244	317	0
134723	25901	244	317	0
134724	25969	244	317	0
134725	26061	244	317	0
134726	26134	244	317	0
134727	26201	244	317	0
134728	26295	244	317	0
134729	26362	244	317	0
134730	26427	244	317	0
134731	26474	244	317	0
134732	26542	244	317	0
134733	26633	244	317	0
134734	26690	244	317	0
134735	26755	244	317	0
134736	26812	244	317	0
134737	26872	243	317	0
134738	26935	243	317	0
134739	27001	243	317	0
134740	27096	243	317	0
134741	27159	243	317	0
134742	27232	243	317	0
134743	27303	243	317	0
134744	27363	243	317	0
134745	27428	243	317	0
134746	27489	243	317	0
134747	27544	243	317	0
134748	27598	243	317	0
134749	27660	243	317	0
134750	27727	243	317	0
134751	27795	243	317	0
134752	27881	243	317	0
134753	27942	243	317	0
134754	28002	243	317	0
134755	28073	243	317	0
134756	28126	243	317	0
134757	28175	244	316	0
134758	28238	244	316	0
134759	28325	244	316	0
134760	28398	245	315	0
134761	28459	245	314	0
134762	28520	245	314	0
134763	28582	246	314	0
134764	28636	246	314	0
134765	28717	246	314	0
134766	28760	246	314	0
134767	28841	246	314	0
134768	28896	246	314	0
134769	28967	246	314	0
134770	29058	246	314	0
134771	29125	246	314	0
134772	29208	246	314	0
134773	29271	246	314	0
134774	29335	246	314	0
134775	29398	246	314	0
134776	29493	246	314	0
134777	29558	246	314	0
134778	29631	246	314	0
134779	29689	246	314	0
134780	29743	246	314	0
134781	29801	246	314	0
134782	29861	246	314	0
134783	29958	246	314	0
134784	30028	246	314	0
134785	30105	246	314	0
134786	30164	246	315	0
134787	30233	246	314	0
134788	30299	246	314	0
134789	30368	246	314	0
134790	30426	246	314	0
134791	30495	246	314	0
134792	30565	246	314	0
134793	30659	246	314	0
134794	30757	246	314	0
134795	30822	246	314	0
134796	30873	246	314	0
134797	30926	246	313	0
134798	30995	246	313	0
134799	31060	246	313	0
134800	31130	246	313	0
134801	31214	246	313	0
134802	31265	246	313	0
134803	31329	246	313	0
134804	31399	246	313	0
134805	31496	246	313	0
134806	31562	246	313	0
134807	31639	246	313	0
134808	31703	246	313	0
134809	31798	246	313	0
134810	31870	246	313	0
134811	31962	246	313	0
134812	32020	246	313	0
134813	32099	246	313	0
134814	32184	246	313	0
134815	32248	246	313	0
134816	32302	246	313	0
134817	32390	246	313	0
134818	32460	246	313	0
134819	32532	246	312	0
134820	32598	246	313	0
134821	32664	246	312	0
134822	32756	246	312	0
134823	32823	246	312	0
134824	32890	246	312	0
134825	32951	246	312	0
134826	32994	246	312	0
134827	33031	246	311	0
134828	33102	246	311	0
134829	33182	246	311	0
134830	33255	246	311	0
134831	33326	246	311	0
134832	33392	246	311	0
134833	33456	246	311	0
134834	33503	246	311	0
134835	33588	246	311	0
134836	33654	246	311	0
134837	33729	246	311	0
134838	33793	246	311	0
134839	33861	246	311	0
134840	33932	246	311	0
134841	34016	246	311	0
134842	34085	246	311	0
134843	34155	246	311	0
134844	34225	246	311	0
134845	34295	246	311	0
134846	34389	246	311	0
134847	34484	246	311	0
134848	34562	246	311	0
134849	34624	246	311	0
134850	34681	246	311	0
134851	34755	246	311	0
134852	34825	246	311	0
134853	34893	246	311	0
134854	34957	246	311	0
134855	35022	246	311	0
134856	35091	246	311	0
134857	35157	246	311	0
134858	35254	246	311	0
134859	35325	246	311	0
134860	35392	246	311	0
134861	35455	246	311	0
134862	35514	246	310	0
134863	35585	246	309	0
134864	35653	246	308	0
134865	35716	246	308	0
134866	35788	246	308	0
134867	35854	246	308	0
134868	35900	246	308	0
134869	35977	246	308	0
134870	36052	246	307	0
134871	36118	246	307	0
134872	36193	246	307	0
134873	36257	246	307	0
134874	36327	246	307	0
134875	36420	247	307	0
134876	36516	247	307	0
134877	36598	247	307	0
134878	36678	247	307	0
134879	36732	247	307	0
134880	36790	247	307	0
134881	36882	247	307	0
134882	36959	247	307	0
134883	37049	247	307	0
134884	37110	246	308	0
134885	37151	246	308	0
134886	37213	246	308	0
134887	37285	246	308	0
134888	37354	246	308	0
134889	37414	246	308	0
134890	37491	246	308	0
134891	37565	246	308	0
134892	37651	247	306	0
134893	37720	248	304	0
134894	37784	250	301	0
134895	37856	253	296	0
134896	37957	254	293	0
134897	38022	258	282	0
134898	38087	259	276	0
134899	38155	261	270	0
134900	38232	263	264	0
134901	38288	265	260	0
134902	38358	266	256	0
134903	38449	268	251	0
134904	38519	270	247	0
134905	38612	272	242	0
134906	38677	275	234	0
134907	38754	276	232	0
134908	38818	279	223	0
134909	38896	282	219	0
134910	38981	286	214	0
134911	39054	288	210	0
134912	39121	291	206	0
134913	39223	292	205	0
134914	39284	293	206	0
134915	39379	294	206	0
134916	39452	296	205	0
134917	39519	297	204	0
134918	39577	297	204	0
134919	39655	297	204	0
134920	39726	297	204	0
134921	39807	297	204	0
134922	39875	297	204	0
134923	39926	297	204	0
134924	40023	297	204	0
134925	40092	297	204	0
134926	40174	297	204	0
134927	40214	297	204	0
134928	40278	297	204	0
134929	40358	297	204	0
134930	40417	297	204	0
134931	40486	297	204	0
134932	40551	297	204	0
134933	40645	297	204	0
134934	40716	297	204	0
134935	40779	297	204	0
134936	40841	297	204	0
134937	40902	297	204	0
134938	40972	297	204	0
134939	41020	297	204	0
134940	41076	297	204	0
134941	41120	297	204	0
134942	41180	297	204	0
134943	41244	297	204	0
134944	41313	297	204	0
134945	41382	297	204	0
134946	41440	298	204	0
134947	41506	298	204	0
134948	41585	298	204	0
134949	41645	298	204	0
134950	41704	298	204	0
134951	41760	298	204	0
134952	41812	298	204	0
134953	41885	298	204	0
134954	41968	298	204	0
134955	42035	298	204	0
134956	42108	298	204	0
134957	42179	298	204	0
134958	42245	298	204	0
134959	42312	298	204	0
134960	42384	298	204	0
134961	42440	298	203	0
134962	42507	298	203	0
134963	42567	298	203	0
134964	42644	298	203	0
134965	42713	298	203	0
134966	42786	299	203	0
134967	42846	299	203	0
134968	42917	299	203	0
134969	42988	299	203	0
134970	43071	299	203	0
134971	43134	299	203	0
134972	43170	299	203	0
134973	43235	298	204	0
134974	43306	298	204	0
134975	43366	298	204	0
134976	43439	298	204	0
134977	43506	298	204	0
134978	43567	298	204	0
134979	43621	298	203	0
134980	43679	298	203	0
134981	43747	299	203	0
134982	43814	299	203	0
134983	43877	299	203	0
134984	43975	299	203	0
134985	44045	299	203	0
134986	44109	299	203	0
134987	44180	299	203	0
134988	44246	299	203	0
134989	44314	299	203	0
134990	44380	299	203	0
134991	44451	299	203	0
134992	44515	299	203	0
134993	44587	299	203	0
134994	44655	299	203	0
134995	44739	299	203	0
134996	44805	299	203	0
134997	44847	299	203	0
134998	44915	299	204	0
134999	45014	298	205	0
135000	45079	298	205	0
135001	45144	298	205	0
135002	45205	298	205	0
135003	45251	298	205	0
135004	45316	298	205	0
135005	45391	298	205	0
135006	45474	298	205	0
135007	45533	298	205	0
135008	45609	298	205	0
135009	45689	298	205	0
135010	45793	298	205	0
135011	45877	298	205	0
135012	45950	298	205	0
135013	46008	298	205	0
135014	46079	298	205	0
135015	46156	298	205	0
135016	46217	298	205	0
135017	46281	298	205	0
135018	46373	298	205	0
135019	46465	298	205	0
135020	46537	298	205	0
135021	46598	298	205	0
135022	46659	298	205	0
135023	46719	298	205	0
135024	46783	298	205	0
135025	46867	298	205	0
135026	46931	298	205	0
135027	47000	298	205	0
135028	47057	298	205	0
135029	47140	298	205	0
135030	47208	298	205	0
135031	47290	298	205	0
135032	47349	298	205	0
135033	47415	298	205	0
135034	47499	298	205	0
135035	47559	298	205	0
135036	47641	298	205	0
135037	47707	298	205	0
135038	47767	298	204	0
135039	47845	298	204	0
135040	47915	298	204	0
135041	48004	298	204	0
135042	48100	298	204	0
135043	48152	298	204	0
135044	48211	298	204	0
135045	48278	298	204	0
135046	48345	299	204	0
135047	48411	299	204	0
135048	48474	299	204	0
135049	48551	299	204	0
135050	48613	299	204	0
135051	48677	299	204	0
135052	48736	299	204	0
135053	48805	299	204	0
135054	48869	299	204	0
135055	48948	299	204	0
135056	49011	299	204	0
135057	49068	299	204	0
135058	49129	298	204	0
135059	49203	298	204	0
135060	49269	298	205	0
135061	49342	298	205	0
135062	49404	298	205	0
135063	49478	298	205	0
135064	49576	299	205	0
135065	49670	299	205	0
135066	49759	299	205	0
135067	49835	299	205	0
135068	49898	299	205	0
135069	49958	300	205	0
135070	50039	299	205	0
135071	50117	298	206	0
135072	50204	298	206	0
135073	50274	298	206	0
135074	50351	298	206	0
135075	50436	298	206	0
135076	50499	298	206	0
135077	50566	298	206	0
135078	50642	298	206	0
135079	50702	298	206	0
135080	50743	298	206	0
135081	50838	298	206	0
135082	50902	298	206	0
135083	50968	298	205	0
135084	51045	298	205	0
135085	51130	299	205	0
135086	51191	299	205	0
135087	51257	299	205	0
135088	51334	299	205	0
135089	51403	299	205	0
135090	51471	299	205	0
135091	51542	299	205	0
135092	51608	299	205	0
135093	51677	299	205	0
135094	51797	298	206	0
135095	51839	298	206	0
135096	51906	298	206	0
135097	51973	298	206	0
135098	52037	298	206	0
135099	52104	298	206	0
135100	52196	298	206	0
135101	52268	298	206	0
135102	52348	298	206	0
135103	52407	298	206	0
135104	52501	298	206	0
135105	52561	298	205	0
135106	52624	298	205	0
135107	52683	298	205	0
135108	52739	298	205	0
135109	52806	298	205	0
135110	52873	298	205	0
135111	52955	298	205	0
135112	53026	298	205	0
135113	53069	299	205	0
135114	53114	299	205	0
135115	53179	300	205	0
135116	53258	299	205	0
135117	53324	299	206	0
135118	53398	298	206	0
135119	53470	298	206	0
135120	53530	298	206	0
135121	53596	298	206	0
135122	53637	298	206	0
135123	53734	298	206	0
135124	53798	298	206	0
135125	53864	298	206	0
135126	53944	298	206	0
135127	54031	298	206	0
135128	54103	298	206	0
135129	54165	298	206	0
135130	54230	298	206	0
135131	54289	298	206	0
135132	54365	298	206	0
135133	54438	298	206	0
135134	54501	298	205	0
135135	54597	298	205	0
135136	54670	298	205	0
135137	54738	298	205	0
135138	54800	299	205	0
135139	54867	299	205	0
135140	54941	299	205	0
135141	55004	299	205	0
135142	55093	299	205	0
135143	55142	299	205	0
135144	55206	299	205	0
135145	55266	299	205	0
135146	55332	299	205	0
135147	55406	299	205	0
135148	55496	299	205	0
135149	55570	299	205	0
135150	55642	299	205	0
135151	55708	299	205	0
135152	55792	299	205	0
135153	55848	299	205	0
135154	55909	299	205	0
135155	55967	299	205	0
135156	56035	299	205	0
135157	56086	299	205	0
135158	56134	299	205	0
135159	56197	299	205	0
135160	56292	299	205	0
135161	56368	299	205	0
135162	56435	299	205	0
135163	56502	299	205	0
135164	56597	299	205	0
135165	56660	299	205	0
135166	56732	299	205	0
135167	56787	298	206	0
135168	56872	298	206	0
135169	56924	298	205	0
135170	56981	298	205	0
135171	57037	298	205	0
135172	57124	298	205	0
135173	57192	299	205	0
135174	57233	299	205	0
135175	57328	299	205	0
135176	57396	299	205	0
135177	57464	299	205	0
135178	57534	299	205	0
135179	57637	299	205	0
135180	57695	300	205	0
135181	57739	298	206	0
135182	57829	298	206	0
135183	57903	298	205	0
135184	57966	298	205	0
135185	58027	298	205	0
135186	58095	298	205	0
135187	58134	298	205	0
135188	58199	298	205	0
135189	58267	299	205	0
135190	58356	299	205	0
135191	58428	299	205	0
135192	58498	299	205	0
135193	58554	299	205	0
135194	58617	298	206	0
135195	58683	298	206	0
135196	58752	298	206	0
135197	58823	298	206	0
135198	58898	298	206	0
135199	58955	298	206	0
135200	59007	298	206	0
135201	59091	298	206	0
135202	59160	298	206	0
135203	59223	298	206	0
135204	59295	298	206	0
135205	59356	298	205	0
135206	59414	298	205	0
135207	59485	298	205	0
135208	59547	298	205	0
135209	59610	298	205	0
135210	59699	298	205	0
135211	59765	298	205	0
135212	59839	298	205	0
135213	59913	298	205	0
135214	59970	298	205	0
135215	60043	298	205	0
135216	60099	298	205	0
135217	60167	298	205	0
135218	60223	298	205	0
135219	60293	298	205	0
135220	60357	298	205	0
135221	60451	298	205	0
135222	60519	298	206	0
135223	60595	298	206	0
135224	60661	298	206	0
135225	60729	298	206	0
135226	60811	298	206	0
135227	60870	298	205	0
135228	60939	298	205	0
135229	61005	298	205	0
135230	61063	298	205	0
135231	61130	298	205	0
135232	61200	298	205	0
135233	61287	298	205	0
135234	61354	298	205	0
135235	61416	298	205	0
135236	61460	298	205	0
135237	61548	298	205	0
135238	61621	298	205	0
135239	61726	298	205	0
135240	61792	298	205	0
135241	61834	298	205	0
135242	61895	298	205	0
135243	61989	298	205	0
135244	62056	298	205	0
135245	62128	299	205	0
135246	62203	299	205	0
135247	62263	299	205	0
135248	62358	299	205	0
135249	62417	299	205	0
135250	62486	299	205	0
135251	62563	299	205	0
135252	62625	299	205	0
135253	62697	299	205	0
135254	62779	299	205	0
135255	62828	299	205	0
135256	62866	299	205	0
135257	62964	298	206	0
135258	63000	298	205	0
135259	63059	298	205	0
135260	63129	298	205	0
135261	63191	298	205	0
135262	63263	298	205	0
135263	63362	298	205	0
135264	63423	298	205	0
135265	63487	298	205	0
135266	63553	298	205	0
135267	63622	298	205	0
135268	63684	298	205	0
135269	63751	298	205	0
135270	63834	298	205	0
135271	63892	298	205	0
135272	63953	299	205	0
135273	64025	299	205	0
135274	64087	299	205	0
135275	64151	299	205	0
135276	64225	299	205	0
135277	64293	299	205	0
135278	64386	299	205	0
135279	64462	299	205	0
135280	64541	299	205	0
135281	64620	299	205	0
135282	64668	299	205	0
135283	64729	299	205	0
135284	64820	299	205	0
135285	64885	299	205	0
135286	64948	299	205	0
135287	65021	298	206	0
135288	65089	298	205	0
135289	65191	298	205	0
135290	65252	298	205	0
135291	65318	298	205	0
135292	65404	298	205	0
135293	65471	298	205	0
135294	65592	298	205	0
135295	65691	298	205	0
135296	65816	298	205	0
135297	65920	298	205	0
135298	66036	298	205	0
135299	66185	298	205	0
135300	66266	298	205	0
135301	66323	298	205	0
135302	66396	298	205	0
135303	66480	298	205	0
135304	66554	298	205	0
135305	66660	298	205	0
135306	66773	298	205	0
135307	66850	298	205	0
135308	66924	298	205	0
135309	67013	298	205	0
135310	67120	298	205	0
135311	67252	298	205	0
135312	67348	298	205	0
135313	67436	298	205	0
135314	67489	299	205	0
135315	67553	299	205	0
135316	67661	299	205	0
135317	67784	299	205	0
135318	67857	299	205	0
135319	67954	299	205	0
135320	68022	299	205	0
135321	68128	299	205	0
135322	68212	299	205	0
135323	68277	299	205	0
135324	68389	299	205	0
135325	68485	298	205	0
135326	68566	298	205	0
135327	68684	298	205	0
135328	68788	298	205	0
135329	68857	298	205	0
135330	68985	298	205	0
135331	69110	298	205	0
135332	69222	298	205	0
135333	69318	298	205	0
135334	69420	298	205	0
135335	69510	298	205	0
135336	69588	298	205	0
135337	69671	298	205	0
135338	69811	298	205	0
135339	69876	298	205	0
135340	69927	298	204	0
135341	69987	298	204	0
135342	70061	298	204	0
135343	70165	298	204	0
135344	70262	299	204	0
135345	70392	298	205	0
135346	70485	298	204	0
135347	70551	298	204	0
135348	70645	298	204	0
135349	70713	298	204	0
135350	70820	298	204	0
135351	70981	298	204	0
135352	71077	298	204	0
135353	71139	298	204	0
135354	71187	298	204	0
135355	71256	298	204	0
135356	71354	298	204	0
135357	71440	298	204	0
135358	71545	299	204	0
135359	71639	299	204	0
135360	71727	299	204	0
135361	71823	299	204	0
135362	71896	299	204	0
135363	71990	299	204	0
135364	72087	299	204	0
135365	72181	299	204	0
135366	72343	299	204	0
135367	72418	299	204	0
135368	72488	299	204	0
135369	72584	299	204	0
135370	72679	299	204	0
135371	72805	299	204	0
135372	72858	299	204	0
135373	72927	299	204	0
135374	72996	299	204	0
135375	73076	299	204	0
135376	73174	299	204	0
135377	73251	299	204	0
135378	73311	299	204	0
135379	73383	299	204	0
135380	73480	299	204	0
135381	73545	299	204	0
135382	73638	299	204	0
135383	73680	299	204	0
135384	73751	299	204	0
135385	73841	299	204	0
135386	73937	299	204	0
135387	74038	299	204	0
135388	74144	299	204	0
135389	74200	299	204	0
135390	74264	299	204	0
135391	74340	299	204	0
135392	74436	299	204	0
135393	74505	299	204	0
135394	74616	299	204	0
135395	74711	298	205	0
135396	74838	298	205	0
135397	74913	298	205	0
135398	75017	298	205	0
135399	75143	298	205	0
135400	75211	298	205	0
135401	75286	298	205	0
135402	75380	298	205	0
135403	75446	298	205	0
135404	75574	298	205	0
135405	75644	298	205	0
135406	75733	296	206	0
135407	75834	296	206	0
135408	75941	296	206	0
135409	76031	296	206	0
135410	76107	296	206	0
135411	76175	296	206	0
135412	76241	296	206	0
135413	76336	296	206	0
135414	76400	296	206	0
135415	76504	296	206	0
135416	76581	296	206	0
135417	76652	296	206	0
135418	76741	296	206	0
135419	76810	296	206	0
135420	76901	296	206	0
135421	76943	296	206	0
135422	77012	296	206	0
135423	77096	296	206	0
135424	77166	296	206	0
135425	77236	296	206	0
135426	77301	296	206	0
135427	77366	296	206	0
135428	77439	296	206	0
135429	77505	297	205	0
135430	77576	297	205	0
135431	77670	297	206	0
135432	77751	297	206	0
135433	77836	297	207	0
135434	77876	297	207	0
135435	77940	297	207	0
135436	78009	297	208	0
135437	78080	297	208	0
135438	78157	297	208	0
135439	78216	297	208	0
135440	78274	297	208	0
135441	78322	297	209	0
135442	78381	297	209	0
135443	78449	297	209	0
135444	78530	297	209	0
135445	78599	297	210	0
135446	78668	297	210	0
135447	78712	297	210	0
135448	78777	297	211	0
135449	78871	297	212	0
135450	78953	297	212	0
135451	79039	297	212	0
135452	79111	295	215	0
135453	79176	294	216	0
135454	79245	294	218	0
135455	79334	293	218	0
135456	79427	293	218	0
135457	79500	293	218	0
135458	79548	293	218	0
135459	79631	293	218	0
135460	79711	293	217	0
135461	79815	293	217	0
135462	79906	293	217	0
135463	79969	293	217	0
135464	80065	293	217	0
135465	80133	293	217	0
135466	80191	293	217	0
135467	80250	294	217	0
135468	80309	294	217	0
135469	80372	294	217	0
135470	80442	294	217	0
135471	80531	294	217	0
135472	80591	294	217	0
135473	80639	294	217	0
135474	80706	294	217	0
135475	80773	295	217	0
135476	80843	295	218	0
135477	80911	294	219	0
135478	81004	294	222	0
135479	81076	295	226	0
135480	81150	296	228	0
135481	81205	297	231	0
135482	81280	297	234	0
135483	81366	298	238	0
135484	81435	299	244	0
135485	81505	301	249	0
135486	81584	301	255	0
135487	81640	302	263	0
135488	81700	302	268	0
135489	81765	302	272	0
135490	81832	302	278	0
135491	81900	302	284	0
135492	81946	302	288	0
135493	82011	302	290	0
135494	82069	303	296	0
135495	82135	302	300	0
135496	82230	302	306	0
135497	82300	302	314	0
135498	82368	302	316	0
135499	82439	301	322	0
135500	82501	301	331	0
135501	82572	301	335	0
135502	82645	300	338	0
135503	82706	300	340	0
135504	82762	301	343	0
135505	82828	301	344	0
135506	82884	302	345	0
135507	82955	302	346	0
135508	83016	303	348	0
135509	83087	303	348	0
135510	83155	304	348	0
135511	83283	304	348	0
135512	83342	308	349	0
135513	83427	311	349	0
135514	83508	318	353	0
135515	83625	322	356	0
135516	83692	326	362	0
135517	83786	330	370	0
135518	83868	331	375	0
135519	83957	331	380	0
135520	84036	331	382	0
135521	84102	331	382	0
135522	84169	331	383	0
135523	84240	331	384	0
135524	84326	331	385	0
135525	84372	331	386	0
135526	84433	330	387	0
135527	84501	330	388	0
135528	84575	328	393	0
135529	84660	326	398	0
135530	84756	325	406	0
135531	84835	323	413	0
135532	84900	321	421	0
135533	84967	319	427	0
135534	85030	318	432	0
135535	85089	318	437	0
135536	85201	316	443	0
135537	85301	316	446	0
135538	85400	316	443	0
135539	85494	316	440	0
135540	85556	316	438	0
135541	85605	317	436	0
135542	85666	318	436	0
135543	85766	318	437	0
135544	85829	318	436	0
135545	85898	319	434	0
135546	85998	320	434	0
135547	86077	323	433	0
135548	86166	326	430	0
135549	86262	328	429	0
135550	86360	330	428	0
135551	86434	331	427	0
135552	86506	331	425	0
135553	86565	331	425	0
135554	86698	331	424	0
135555	86796	330	418	0
135556	86940	331	415	0
135557	87029	332	412	0
135558	87096	332	412	0
135559	87158	332	412	0
135560	87265	332	412	0
135561	87326	332	413	0
135562	87373	332	413	0
135563	87462	332	413	0
135564	87590	332	412	0
135565	87660	332	412	0
135566	87731	332	412	0
135567	87801	332	412	0
135568	87862	331	412	0
135569	87944	331	412	0
135570	88027	331	412	0
135571	88094	331	412	0
135572	88154	331	412	0
135573	88244	331	412	0
135574	88351	331	412	0
135575	88419	331	412	0
135576	88475	331	412	0
135577	88548	331	412	0
135578	88665	331	412	0
135579	88789	331	412	0
135580	88853	331	412	0
135581	88902	331	412	0
135582	88996	331	412	0
135583	89104	331	412	0
135584	89220	331	412	0
135585	89280	331	412	0
135586	89397	331	412	0
135587	89463	331	412	0
135588	89534	331	412	0
135589	89621	331	412	0
135590	89726	331	412	0
135591	89788	331	412	0
135592	89867	331	412	0
135593	89984	331	412	0
135594	90099	331	412	0
135595	90166	331	412	0
135596	90236	331	412	0
135597	90328	331	412	0
135598	90458	331	412	0
135599	90595	331	412	0
135600	90698	332	412	0
135601	90784	330	413	0
135602	90885	326	414	0
135603	90960	324	413	0
135604	91061	323	411	0
135605	91158	317	406	0
135606	91259	317	405	0
135607	91365	311	396	0
135608	91425	310	392	0
135609	91560	308	388	0
135610	91654	306	378	0
135611	91748	304	370	0
135612	91799	302	362	0
135613	91903	302	359	0
135614	91990	301	349	0
135615	92085	301	344	0
135616	92149	299	334	0
135617	92198	298	329	0
135618	92294	298	327	0
135619	92357	298	319	0
135620	92454	297	313	0
135621	92517	297	308	0
135622	92627	296	304	0
135623	92733	296	293	0
135624	92878	296	285	0
135625	92958	295	273	0
135626	93021	294	269	0
135627	93123	294	267	0
135628	93220	293	262	0
135629	93348	292	256	0
135630	93460	292	246	0
135631	93558	291	239	0
135632	93642	291	231	0
135633	93719	291	228	0
135634	93898	291	226	0
135635	93955	288	207	0
135636	94020	288	203	0
135637	94093	287	200	0
135638	94182	287	199	0
135639	94293	286	195	0
135640	94355	285	191	0
135641	94455	285	190	0
135642	94543	284	187	0
135643	94656	284	180	0
135644	94829	284	177	0
135645	94925	286	166	0
135646	94992	287	160	0
135647	95097	287	155	0
135648	95230	288	151	0
135649	95320	289	151	0
135650	95411	289	151	0
135651	95475	290	151	0
135652	95588	290	151	0
135653	95686	290	150	0
135654	95783	290	149	0
135655	95868	290	149	0
135656	95953	290	150	0
135657	96024	290	150	0
135658	96128	290	150	0
135659	96185	290	150	0
135660	96288	290	150	0
135661	96357	290	150	0
135662	96459	290	150	0
135663	96555	290	150	0
135664	96646	290	150	0
135665	96728	290	150	0
135666	96892	290	150	0
135667	96990	290	150	0
135668	97075	290	149	0
135669	97128	290	147	0
135670	97220	290	147	0
135671	97286	290	148	0
135672	97383	290	148	0
135673	97477	290	148	0
135674	97530	290	148	0
135675	97599	290	148	0
135676	97658	290	148	0
135677	97759	290	148	0
135678	97846	290	148	0
135679	97954	290	148	0
135680	98053	290	148	0
135681	98151	290	148	0
135682	98220	290	148	0
135683	98307	290	148	0
135684	98382	290	148	0
135685	98445	290	148	0
135686	98517	290	148	0
135687	98575	290	148	0
135688	98616	290	148	0
135689	98685	290	148	0
135690	98751	290	147	0
135691	98817	290	147	0
135692	98916	289	147	0
135693	98982	288	147	0
135694	99054	289	148	0
135695	99135	289	147	0
135696	99189	288	147	0
135697	99253	288	147	0
135698	99319	288	148	0
135699	99388	288	148	0
135700	99458	288	148	0
135701	99541	288	147	0
135702	99599	289	147	0
135703	99657	289	147	0
135704	99750	289	146	0
135705	99819	289	146	0
135706	99884	289	146	0
135707	99980	289	146	0
135708	100043	289	146	0
135709	100108	289	146	0
135710	100189	289	146	0
135711	100246	289	146	0
135712	100313	289	146	0
135713	100414	289	146	0
135714	100479	289	146	0
135715	100527	289	146	0
135716	100613	289	146	0
135717	100707	289	146	0
135718	100775	289	146	0
135719	100845	289	146	0
135720	100914	289	147	0
135721	100982	289	148	0
135722	101048	289	149	0
135723	101130	289	150	0
135724	101198	289	152	0
135725	101249	290	152	0
135726	101318	291	153	0
135727	101390	292	155	0
135728	101471	293	155	0
135729	101540	292	158	0
135730	101605	292	159	0
135731	101652	292	160	0
135732	101743	292	160	0
135733	101800	292	160	0
135734	101881	292	160	0
135735	101974	292	160	0
135736	102036	291	160	0
135737	102081	291	160	0
135738	102154	291	160	0
135739	102224	291	160	0
135740	102285	291	159	0
135741	102373	292	159	0
135742	102444	292	159	0
135743	102513	292	159	0
135744	102581	292	159	0
135745	102678	292	159	0
135746	102775	292	159	0
135747	102840	292	159	0
135748	102900	292	159	0
135749	102969	292	159	0
135750	103026	292	159	0
135751	103086	292	159	0
135752	103170	292	159	0
135753	103239	292	159	0
135754	103310	292	159	0
135755	103380	292	159	0
135756	103437	292	159	0
135757	103496	292	159	0
135758	103574	292	159	0
135759	103644	292	159	0
135760	103716	292	159	0
135761	103780	292	159	0
135762	103849	292	159	0
135763	103946	292	159	0
135764	104002	292	159	0
135765	104057	292	159	0
135766	104118	292	159	0
135767	104216	292	159	0
135768	104279	292	159	0
135769	104373	292	159	0
135770	104469	292	159	0
135771	104544	292	159	0
135772	104601	292	159	0
135773	104667	291	160	0
135774	104730	290	162	0
135775	104807	290	162	0
135776	104867	290	162	0
135777	104944	290	163	0
135778	105018	291	163	0
135779	105087	291	163	0
135780	105146	291	163	0
135781	105205	291	163	0
135782	105278	291	163	0
135783	105358	291	163	0
135784	105412	291	163	0
135785	105477	291	163	0
135786	105541	291	163	0
135787	105636	291	163	0
135788	105704	291	163	0
135789	105783	291	163	0
135790	105846	291	163	0
135791	105914	291	163	0
135792	106006	291	162	0
135793	106070	291	162	0
135794	106131	291	161	0
135795	106178	291	161	0
135796	106236	291	161	0
135797	106299	292	161	0
135798	106374	292	161	0
135799	106416	292	161	0
135800	106495	292	161	0
135801	106565	292	161	0
135802	106635	291	161	0
135803	106700	291	161	0
135804	106745	291	161	0
135805	106846	291	161	0
135806	106933	291	161	0
135807	107008	291	161	0
135808	107076	292	161	0
135809	107143	292	161	0
135810	107239	292	161	0
135811	107320	292	161	0
135812	107400	292	161	0
135813	107480	291	161	0
135814	107572	291	161	0
135815	107640	292	161	0
135816	107723	292	161	0
135817	107783	292	161	0
135818	107842	291	161	0
135819	107902	292	161	0
135820	107942	292	161	0
135821	108012	292	161	0
135822	108089	291	161	0
135823	108196	292	161	0
135824	108240	291	162	0
135825	108294	291	162	0
135826	108366	291	162	0
135827	108437	291	162	0
135828	108533	291	162	0
135829	108597	291	162	0
135830	108669	291	162	0
135831	108735	291	162	0
135832	108808	291	162	0
135833	108878	291	162	0
135834	108954	291	162	0
135835	109014	291	162	0
135836	109054	291	162	0
135837	109129	292	162	0
135838	109200	291	162	0
135839	109290	291	162	0
135840	109358	291	162	0
135841	109430	291	162	0
135842	109494	291	162	0
135843	109572	291	162	0
135844	109636	291	162	0
135845	109705	291	162	0
135846	109763	291	162	0
135847	109822	291	162	0
135848	109907	292	162	0
135849	109970	292	162	0
135850	110044	292	162	0
135851	110109	292	162	0
135852	110196	291	162	0
135853	110264	291	162	0
135854	110328	291	162	0
135855	110409	291	162	0
135856	110467	291	162	0
135857	110535	291	162	0
135858	110621	291	162	0
135859	110678	291	162	0
135860	110769	291	162	0
135861	110836	291	162	0
135862	110896	291	162	0
135863	110953	291	162	0
135864	111030	291	162	0
135865	111120	291	162	0
135866	111191	291	162	0
135867	111263	291	162	0
135868	111333	291	162	0
135869	111430	291	162	0
135870	111509	293	162	0
135871	111578	293	162	0
135872	111667	293	162	0
135873	111734	293	162	0
135874	111796	293	162	0
135875	111883	293	162	0
135876	111979	293	162	0
135877	112037	293	162	0
135878	112133	293	162	0
135879	112201	293	162	0
135880	112309	293	162	0
135881	112366	293	162	0
135882	112498	293	162	0
135883	112646	293	162	0
135884	112720	293	162	0
135885	112804	293	162	0
135886	112934	293	162	0
135887	113047	293	162	0
135888	113179	293	162	0
135889	113260	293	162	0
135890	113307	293	162	0
135891	113406	293	162	0
135892	113498	293	162	0
135893	113601	293	162	0
135894	113669	293	162	0
135895	113768	293	162	0
135896	113861	293	162	0
135897	113927	293	161	0
135898	114005	293	161	0
135899	114079	294	161	0
135900	114198	294	161	0
135901	114298	294	161	0
135902	114395	295	161	0
135903	114463	295	161	0
135904	114533	294	161	0
135905	114606	294	161	0
135906	114669	294	160	0
135907	114792	294	160	0
135908	114899	294	160	0
135909	114966	294	160	0
135910	115066	294	160	0
135911	115163	294	160	0
135912	115306	294	160	0
135913	115397	294	160	0
135914	115503	294	160	0
135915	115630	294	160	0
135916	115725	294	160	0
135917	115819	294	160	0
135918	115929	294	160	0
135919	116029	294	160	0
135920	116100	294	160	0
135921	116202	294	160	0
135922	116261	294	160	0
135923	116357	294	160	0
135924	116420	294	160	0
135925	116467	294	160	0
135926	116567	294	160	0
135927	116635	294	160	0
135928	116723	294	160	0
135929	116788	294	160	0
135930	116895	294	160	0
135931	116981	294	159	0
135932	117099	294	159	0
135933	117157	294	159	0
135934	117222	294	160	0
135935	117336	294	159	0
135936	117435	294	159	0
135937	117524	294	159	0
135938	117591	294	159	0
135939	117671	293	160	0
135940	117765	293	160	0
135941	117833	293	160	0
135942	117957	294	160	0
135943	118055	294	160	0
135944	118110	294	160	0
135945	118193	294	160	0
135946	118263	294	159	0
135947	118325	293	160	0
135948	118391	293	160	0
135949	118462	293	160	0
135950	118593	293	160	0
135951	118660	293	160	0
135952	118735	293	160	0
135953	118847	293	160	0
135954	118962	293	160	0
135955	119061	293	160	0
135956	119116	293	160	0
135957	119253	293	160	0
135958	119361	293	160	0
135959	119467	293	160	0
135960	119557	293	160	0
135961	119655	293	160	0
135962	119726	293	160	0
135963	119793	293	160	0
135964	119868	293	160	0
135965	119965	293	160	0
135966	120094	293	160	0
135967	120181	293	160	0
135968	120292	293	160	0
135969	120367	293	160	0
135970	120455	293	160	0
135971	120516	293	160	0
135972	120570	293	160	0
135973	120669	293	160	0
135974	120766	293	160	0
135975	120885	293	160	0
135976	120952	293	160	0
135977	120995	293	160	0
135978	121066	293	160	0
135979	121164	293	160	0
135980	121254	293	160	0
135981	121347	293	159	0
135982	121429	294	159	0
135983	121526	295	159	0
135984	121619	295	159	0
135985	121716	294	159	0
135986	121781	294	159	0
135987	121830	294	159	0
135988	121902	294	159	0
135989	122022	294	159	0
135990	122106	294	159	0
135991	122180	295	159	0
135992	122258	295	159	0
135993	122335	294	160	0
135994	122421	294	159	0
135995	122517	294	159	0
135996	122620	294	159	0
135997	122682	294	159	0
135998	122760	294	159	0
135999	122820	293	159	0
136000	122883	293	160	0
136001	122955	293	160	0
136002	123061	293	159	0
136003	123166	292	160	0
136004	123286	292	160	0
136005	123430	292	160	0
136006	123546	292	160	0
136007	123643	292	160	0
136008	123717	292	160	0
136009	123813	293	160	0
136010	123889	293	159	0
136011	123961	293	160	0
136012	124064	293	160	0
136013	124153	293	160	0
136014	124219	293	160	0
136015	124324	293	160	0
136016	124420	293	159	0
136017	124484	294	159	0
136018	124528	294	159	0
136019	124581	294	159	0
136020	124655	294	159	0
136021	124722	294	159	0
136022	124820	294	159	0
136023	124917	294	159	0
136024	125014	294	159	0
136025	125098	294	159	0
136026	125154	294	159	0
136027	125252	294	159	0
136028	125380	294	159	0
136029	125481	294	159	0
136030	125622	294	159	0
136031	125785	294	158	0
136032	125884	294	158	0
136033	125955	294	158	0
136034	126054	294	158	0
136035	126112	294	158	0
136036	126211	294	158	0
136037	126309	294	158	0
136038	126355	294	158	0
136039	126461	294	158	0
136040	126548	294	158	0
136041	126622	295	158	0
136042	126711	295	158	0
136043	126759	295	158	0
136044	126856	295	158	0
136045	126949	295	158	0
136046	127048	295	158	0
136047	127154	295	158	0
136048	127251	295	158	0
136049	127349	295	158	0
136050	127441	295	158	0
136051	127552	294	158	0
136052	127645	294	158	0
136053	127784	294	158	0
136054	127846	294	158	0
136055	127971	294	158	0
136056	128024	294	158	0
136057	128119	294	158	0
136058	128189	294	158	0
136059	128254	294	158	0
136060	128344	294	158	0
136061	128444	295	158	0
136062	128547	295	158	0
136063	128635	295	158	0
136064	128715	295	158	0
136065	128823	295	158	0
136066	128921	295	158	0
136067	129016	295	158	0
136068	129120	295	158	0
136069	129208	295	158	0
136070	129282	295	158	0
136071	129357	295	158	0
136072	129449	295	158	0
136073	129546	294	158	0
136074	129623	294	158	0
136075	129718	294	158	0
136076	129815	294	158	0
136077	129909	294	158	0
136078	130011	294	158	0
136079	130068	294	158	0
136080	130134	294	158	0
136081	130218	294	158	0
136082	130287	294	158	0
136083	130381	294	158	0
136084	130482	294	158	0
136085	130548	294	158	0
136086	130609	294	158	0
136087	130670	294	158	0
136088	130744	294	158	0
136089	130841	295	158	0
136090	130905	295	158	0
136091	130980	294	158	0
136092	131042	294	158	0
136093	131111	294	158	0
136094	131175	294	158	0
136095	131254	294	158	0
136096	131317	294	158	0
136097	131382	294	158	0
136098	131451	294	158	0
136099	131513	294	158	0
136100	131575	294	158	0
136101	131645	294	158	0
136102	131710	294	158	0
136103	131753	294	158	0
136104	131814	294	158	0
136105	131885	294	158	0
136106	131952	294	158	0
136107	132005	294	158	0
136108	132069	295	158	0
136109	132115	295	158	0
136110	132181	295	158	0
136111	132240	294	158	0
136112	132312	294	158	0
136113	132377	294	158	0
136114	132460	294	158	0
136115	132519	294	158	0
136116	132585	294	158	0
136117	132678	294	158	0
136118	132763	294	158	0
136119	132843	294	158	0
136120	132910	294	158	0
136121	132985	294	158	0
136122	133045	294	158	0
136123	133111	294	158	0
136124	133177	294	158	0
136125	133262	294	158	0
136126	133305	294	158	0
136127	133381	294	158	0
136128	133448	294	158	0
136129	133514	294	158	0
136130	133578	293	158	0
136131	133643	293	158	0
136132	133705	293	158	0
136133	133785	294	158	0
136134	133840	294	158	0
136135	133911	295	158	0
136136	133976	294	158	0
136137	134042	294	158	0
136138	134111	294	158	0
136139	134179	294	158	0
136140	134250	294	158	0
136141	134302	295	158	0
136142	134366	295	158	0
136143	134449	294	159	0
136144	134508	294	159	0
136145	134585	294	159	0
136146	134668	294	158	0
136147	134728	295	158	0
136148	134785	294	158	0
136149	134859	294	158	0
136150	134939	294	158	0
136151	135012	294	158	0
136152	135084	294	158	0
136153	135168	294	158	0
136154	135248	294	158	0
136155	135335	295	158	0
136156	135393	295	158	0
136157	135449	295	158	0
136158	135518	294	159	0
136159	135574	294	159	0
136160	135641	294	159	0
136161	135733	294	159	0
136162	135796	294	159	0
136163	135870	294	159	0
136164	135939	294	159	0
136165	135998	294	159	0
136166	136076	294	159	0
136167	136154	294	159	0
136168	136238	294	159	0
136169	136299	294	159	0
136170	136362	294	159	0
136171	136421	294	159	0
136172	136504	294	159	0
136173	136599	294	159	0
136174	136643	294	159	0
136175	136736	294	160	0
136176	136823	294	160	0
136177	136903	294	159	0
136178	136992	294	159	0
136179	137095	294	159	0
136180	137158	295	159	0
136181	137218	295	159	0
136182	137278	294	159	0
136183	137338	294	159	0
136184	137434	294	159	0
136185	137500	294	159	0
136186	137583	294	159	0
136187	137640	294	159	0
136188	137732	294	159	0
136189	137797	295	159	0
136190	137863	295	159	0
136191	137926	294	159	0
136192	137993	294	159	0
136193	138063	294	159	0
136194	138134	294	160	0
136195	138206	294	159	0
136196	138299	294	159	0
136197	138363	294	159	0
136198	138433	294	159	0
136199	138500	294	159	0
136200	138569	294	159	0
136201	138662	294	159	0
136202	138707	294	159	0
136203	138770	294	159	0
136204	138839	294	159	0
136205	138908	294	159	0
136206	138972	294	159	0
136207	139064	294	159	0
136208	139106	294	159	0
136209	139170	294	159	0
136210	139257	294	159	0
136211	139320	294	159	0
136212	139392	294	159	0
136213	139462	294	159	0
136214	139524	294	159	0
136215	139600	294	159	0
136216	139668	294	159	0
136217	139735	294	159	0
136218	139833	294	159	0
136219	139924	294	159	0
136220	139997	294	159	0
136221	140044	295	159	0
136222	140166	294	159	0
136223	140237	294	159	0
136224	140314	294	159	0
136225	140388	294	159	0
136226	140457	294	159	0
136227	140505	294	159	0
136228	140599	294	159	0
136229	140682	294	159	0
136230	140758	294	159	0
136231	140827	294	159	0
136232	140893	294	159	0
136233	140966	294	159	0
136234	141026	294	159	0
136235	141095	294	159	0
136236	141167	294	159	0
136237	141304	295	159	0
136238	141432	295	159	0
136239	141495	294	160	0
136240	141575	295	160	0
136241	141667	294	160	0
136242	141794	294	160	0
136243	141894	294	161	0
136244	141974	294	160	0
136245	142056	294	160	0
136246	142133	295	160	0
136247	142198	294	160	0
136248	142266	294	160	0
136249	142366	294	160	0
136250	142435	294	160	0
136251	142499	294	160	0
136252	142597	294	160	0
136253	142696	294	160	0
136254	142803	294	160	0
136255	142897	294	160	0
136256	142965	294	160	0
136257	143029	294	160	0
136258	143102	294	160	0
136259	143189	294	160	0
136260	143267	294	160	0
136261	143367	294	160	0
136262	143428	294	160	0
136263	143573	294	160	0
136264	143665	295	160	0
136265	143749	295	160	0
136266	143807	295	160	0
136267	143901	295	160	0
136268	143993	295	160	0
136269	144093	295	160	0
136270	144227	295	160	0
136271	144327	295	160	0
136272	144432	294	161	0
136273	144527	294	161	0
136274	144581	294	161	0
136275	144640	294	161	0
136276	144745	294	161	0
136277	144867	294	160	0
136278	144966	294	160	0
136279	145060	294	160	0
136280	145164	294	160	0
136281	145243	294	160	0
136282	145301	293	160	0
136283	145359	293	160	0
136284	145399	293	160	0
136285	145460	293	160	0
136286	145535	293	160	0
136287	145622	293	160	0
136288	145701	293	160	0
136289	145766	293	160	0
136290	145860	293	160	0
136291	145962	293	161	0
136292	146058	293	161	0
136293	146127	293	161	0
136294	146195	293	161	0
136295	146297	293	161	0
136296	146356	293	161	0
136297	146454	293	161	0
136298	146537	293	161	0
136299	146628	293	161	0
136300	146697	293	161	0
136301	146809	293	161	0
136302	146886	293	161	0
136303	146940	293	161	0
136304	147008	293	161	0
136305	147094	293	161	0
136306	147172	293	161	0
136307	147221	293	161	0
136308	147284	293	161	0
136309	147367	293	161	0
136310	147461	293	161	0
136311	147556	293	161	0
136312	147629	293	160	0
136313	147718	293	160	0
136314	147822	293	160	0
136315	147862	293	160	0
136316	147934	293	160	0
136317	148029	293	160	0
136318	148159	293	160	0
136319	148229	293	160	0
136320	148361	293	160	0
136321	148422	293	160	0
136322	148492	293	160	0
136323	148593	293	160	0
136324	148698	293	160	0
136325	148823	293	160	0
136326	148919	293	160	0
136327	148999	293	160	0
136328	149127	293	160	0
136329	149228	293	160	0
136330	149321	293	160	0
136331	149425	293	160	0
136332	149489	293	160	0
136333	149599	293	160	0
136334	149686	293	160	0
136335	149752	293	160	0
136336	149817	293	160	0
136337	149924	293	160	0
136338	149997	293	160	0
136339	150089	293	160	0
136340	150175	293	160	0
136341	150264	293	160	0
136342	150357	293	160	0
136343	150423	293	160	0
136344	150484	293	160	0
136345	150559	293	160	0
136346	150660	293	160	0
136347	150760	293	160	0
136348	150885	293	160	0
136349	150972	293	160	0
136350	151049	293	160	0
136351	151110	293	160	0
136352	151198	293	160	0
136353	151295	293	160	0
136354	151388	293	160	0
136355	151486	293	160	0
136356	151566	293	160	0
136357	151655	293	160	0
136358	151780	293	160	0
136359	151845	293	160	0
136360	151885	293	160	0
136361	151951	293	160	0
136362	151992	293	159	0
136363	152084	293	160	0
136364	152184	292	160	0
136365	152262	292	160	0
136366	152406	292	160	0
136367	152484	292	160	0
136368	152557	292	160	0
136369	152654	292	160	0
136370	152751	293	160	0
136371	152816	293	160	0
136372	152917	293	160	0
136373	153028	293	160	0
136374	153100	293	160	0
136375	153184	293	160	0
136376	153293	293	159	0
136377	153388	294	159	0
136378	153485	293	159	0
136379	153558	293	159	0
136380	153655	293	160	0
136381	153728	292	160	0
136382	153850	292	160	0
136383	153919	293	160	0
136384	154017	293	160	0
136385	154096	293	160	0
136386	154183	293	160	0
136387	154255	293	159	0
136388	154323	294	159	0
136389	154415	294	159	0
136390	154519	294	159	0
136391	154582	294	159	0
136392	154676	294	159	0
136393	154758	294	159	0
136394	154894	294	159	0
136395	155014	294	159	0
136396	155143	294	159	0
136397	155255	294	159	0
136398	155412	294	159	0
136399	155504	294	159	0
136400	155597	294	159	0
136401	155690	294	158	0
136402	155792	294	158	0
136403	155913	293	158	0
136404	155987	293	158	0
136405	156191	293	158	0
136406	156280	293	158	0
136407	156344	293	158	0
136408	156418	293	158	0
136409	156525	293	158	0
136410	156670	293	158	0
136411	156761	293	158	0
136412	156883	293	158	0
136413	156991	293	158	0
136414	157095	293	158	0
136415	157255	293	158	0
136416	157391	293	158	0
136417	157508	293	158	0
136418	157604	293	158	0
136419	157714	293	158	0
136420	157792	293	158	0
136421	157880	293	158	0
136422	157954	293	158	0
136423	158049	293	158	0
136424	158150	293	158	0
136425	158214	293	158	0
136426	158313	293	158	0
136427	158404	293	158	0
136428	158452	293	158	0
136429	158588	293	158	0
136430	158678	293	158	0
136431	158744	293	158	0
136432	158812	293	158	0
136433	158888	293	158	0
136434	158963	293	158	0
136435	159080	293	158	0
136436	159176	293	158	0
136437	159284	293	158	0
136438	159379	293	158	0
136439	159448	293	158	0
136440	159544	294	158	0
136441	159652	294	158	0
136442	159705	295	158	0
136443	159766	294	158	0
136444	159855	293	159	0
136445	159974	293	158	0
136446	160041	293	158	0
136447	160134	293	158	0
136448	160211	293	158	0
136449	160314	293	158	0
136450	160432	293	158	0
136451	160516	292	159	0
136452	160610	292	159	0
136453	160677	292	159	0
136454	160804	292	158	0
136455	160869	293	158	0
136456	160931	293	158	0
136457	161004	293	158	0
136458	161052	293	158	0
136459	161111	293	158	0
136460	161208	293	158	0
136461	161308	293	158	0
136462	161370	293	158	0
136463	161471	293	158	0
136464	161540	293	158	0
136465	161635	293	158	0
136466	161698	293	158	0
136467	161746	293	158	0
136468	161843	293	158	0
136469	161940	293	158	0
136470	162040	293	158	0
136471	162146	293	158	0
136472	162244	293	158	0
136473	162341	293	158	0
136474	162413	293	158	0
136475	162469	293	158	0
136476	162554	294	158	0
136477	162652	294	158	0
136478	162717	293	158	0
136479	162805	293	158	0
136480	162871	293	158	0
136481	162933	293	158	0
136482	163016	294	158	0
136483	163115	294	158	0
136484	163206	294	158	0
136485	163335	294	158	0
136486	163411	294	158	0
136487	163541	294	158	0
136488	163635	293	159	0
136489	163707	293	159	0
136490	163816	293	159	0
136491	163914	293	159	0
136492	163992	293	159	0
136493	164131	293	159	0
136494	164196	293	159	0
136495	164238	294	159	0
136496	164303	294	159	0
136497	164411	294	159	0
136498	164537	294	159	0
136499	164635	294	159	0
136500	164699	293	159	0
136501	164810	293	159	0
136502	164902	293	160	0
136503	165019	293	161	0
136504	165115	294	161	0
136505	165209	294	161	0
136506	165300	294	161	0
136507	165406	294	161	0
136508	165503	294	161	0
136509	165573	294	161	0
136510	165705	294	161	0
136511	165794	294	161	0
136512	165854	294	161	0
136513	165982	294	161	0
136514	166101	294	161	0
136515	166197	294	161	0
136516	166272	294	161	0
136517	166339	294	161	0
136518	166473	294	161	0
136519	166606	294	161	0
136520	166739	294	161	0
136521	166808	294	161	0
136522	166901	294	161	0
136523	167029	294	161	0
136524	167116	294	161	0
136525	167228	294	161	0
136526	167302	294	161	0
136527	167364	295	161	0
136528	167462	295	161	0
136529	167569	295	161	0
136530	167637	295	161	0
136531	167704	295	161	0
136532	167797	295	161	0
136533	167901	295	161	0
136534	167973	295	161	0
136535	168069	295	161	0
136536	168135	295	161	0
136537	168197	295	161	0
136538	168262	295	161	0
136539	168338	295	161	0
136540	168407	295	161	0
136541	168510	295	161	0
136542	168596	295	161	0
136543	168725	295	161	0
136544	168794	294	161	0
136545	168876	294	161	0
136546	168972	294	161	0
136547	169056	294	161	0
136548	169286	294	161	0
136549	169364	294	161	0
136550	169466	294	161	0
136551	169544	293	161	0
136552	169632	293	161	0
136553	169701	291	162	0
136554	169797	291	162	0
136555	169893	292	162	0
136556	169957	292	163	0
136557	170041	292	163	0
136558	170161	292	163	0
136559	170259	292	164	0
136560	170378	292	164	0
136561	170496	292	164	0
136562	170595	292	164	0
136563	170696	292	164	0
136564	170799	292	164	0
136565	170902	292	164	0
136566	170984	292	164	0
136567	171080	292	163	0
136568	171198	292	164	0
136569	171300	292	165	0
136570	171414	292	165	0
136571	171524	292	166	0
136572	171631	292	166	0
136573	171726	292	166	0
136574	171799	292	166	0
136575	171862	292	166	0
136576	171929	293	165	0
136577	172005	293	165	0
136578	172072	293	165	0
136579	172196	294	165	0
136580	172262	293	165	0
136581	172323	293	165	0
136582	172396	293	165	0
136583	172470	293	165	0
136584	172632	293	165	0
136585	172789	293	165	0
136586	172869	293	165	0
136587	172965	294	165	0
136588	173028	294	165	0
136589	173126	294	165	0
136590	173188	294	165	0
136591	173272	294	165	0
136592	173352	294	165	0
136593	173432	294	165	0
136594	173496	294	165	0
136595	173583	294	165	0
136596	173698	293	165	0
136597	173808	293	165	0
136598	173895	293	165	0
136599	173959	293	165	0
136600	174022	293	165	0
136601	174096	293	165	0
136602	174198	293	165	0
136603	174264	293	165	0
136604	174363	293	165	0
136605	174494	293	165	0
136606	174564	293	165	0
136607	174669	293	165	0
136608	174761	293	165	0
136609	174821	293	165	0
136610	174892	293	165	0
136611	174962	293	165	0
136612	175043	293	165	0
136613	175101	293	165	0
136614	175187	293	165	0
136615	175285	293	165	0
136616	175363	293	165	0
136617	175464	293	165	0
136618	175565	293	165	0
136619	175624	293	165	0
136620	175730	293	165	0
136621	175892	293	165	0
136622	175977	293	165	0
136623	176128	293	165	0
136624	176202	293	165	0
136625	176399	293	165	0
136626	176496	293	165	0
136627	176597	293	165	0
136628	176667	293	165	0
136629	176759	293	165	0
136630	176862	293	165	0
136631	176938	293	165	0
136632	177030	293	166	0
136633	177134	292	166	0
136634	177259	292	166	0
136635	177362	292	166	0
136636	177465	292	166	0
136637	177568	292	166	0
136638	177655	292	166	0
136639	177767	292	166	0
136640	177831	292	166	0
136641	177903	292	166	0
136642	177966	292	166	0
136643	178061	292	166	0
136644	178150	292	166	0
136645	178262	292	166	0
136646	178358	292	166	0
136647	178459	292	166	0
136648	178580	292	166	0
136649	178662	292	166	0
136650	178760	292	166	0
136651	178854	292	166	0
136652	178935	292	166	0
136653	179013	292	166	0
136654	179086	292	166	0
136655	179144	292	166	0
136656	179231	292	166	0
136657	179317	292	166	0
136658	179387	292	166	0
136659	179496	292	166	0
136660	179556	292	166	0
136661	179620	292	166	0
136662	179716	292	166	0
136663	179811	292	166	0
136664	179858	292	166	0
136665	179957	292	166	0
136666	180052	292	166	0
136667	180117	292	166	0
136668	180183	292	166	0
136669	180265	292	166	0
136670	180331	292	166	0
136671	180392	292	166	0
136672	180501	292	166	0
136673	180620	292	166	0
136674	180711	292	166	0
136675	180781	292	166	0
136676	180861	292	166	0
136677	180981	292	166	0
136678	181063	292	166	0
136679	181160	292	166	0
136680	181257	293	166	0
136681	181348	293	166	0
136682	181404	292	166	0
136683	181520	292	166	0
136684	181619	293	166	0
136685	181716	293	166	0
136686	181781	293	166	0
136687	181879	293	166	0
136688	181955	293	166	0
136689	182040	293	166	0
136690	182120	293	166	0
136691	182206	293	166	0
136692	182320	293	166	0
136693	182393	293	166	0
136694	182452	293	166	0
136695	182584	293	166	0
136696	182726	293	166	0
136697	182793	293	166	0
136698	182885	292	167	0
136699	182949	292	167	0
136700	183015	292	167	0
136701	183078	292	166	0
136702	183127	292	166	0
136703	183225	292	166	0
136704	183290	292	166	0
136705	183358	293	166	0
136706	183505	293	166	0
136707	183615	293	166	0
136708	183687	293	166	0
136709	183751	293	166	0
136710	183847	293	166	0
136711	183940	293	166	0
136712	183985	293	166	0
136713	184051	293	166	0
136714	184126	293	166	0
136715	184212	293	166	0
136716	184314	293	166	0
136717	184417	293	166	0
136718	184506	293	166	0
136719	184615	293	166	0
136720	184677	293	166	0
136721	184774	293	166	0
136722	184818	293	166	0
136723	184889	293	166	0
136724	184950	293	166	0
136725	185015	293	166	0
136726	185076	293	166	0
136727	185118	293	166	0
136728	185193	293	166	0
136729	185251	293	166	0
136730	185320	293	166	0
136731	185381	293	166	0
136732	185479	293	166	0
136733	185577	293	166	0
136734	185657	293	166	0
136735	185753	293	166	0
136736	185845	293	166	0
136737	185973	293	166	0
136738	186047	293	166	0
136739	186149	293	166	0
136740	186234	293	166	0
136741	186348	293	166	0
136742	186423	293	166	0
136743	186512	293	166	0
136744	186559	293	166	0
136745	186644	293	166	0
136746	186714	292	166	0
136747	186810	292	166	0
136748	186980	292	166	0
136749	187045	292	166	0
136750	187131	292	166	0
136751	187239	292	166	0
136752	187310	292	166	0
136753	187414	292	166	0
136754	187481	292	166	0
136755	187580	292	166	0
136756	187689	292	166	0
136757	187784	292	166	0
136758	187910	292	166	0
136759	188007	292	166	0
136760	188070	292	166	0
136761	188143	292	166	0
136762	188204	292	166	0
136763	188266	292	166	0
136764	188345	292	166	0
136765	188403	292	166	0
136766	188468	292	166	0
136767	188546	292	166	0
136768	188627	292	166	0
136769	188710	292	166	0
136770	188783	292	166	0
136771	188843	292	166	0
136772	188933	292	166	0
136773	189020	292	166	0
136774	189112	292	166	0
136775	189236	292	166	0
136776	189388	292	166	0
136777	189458	292	166	0
136778	189598	292	166	0
136779	189713	292	166	0
136780	189806	292	166	0
136781	189877	292	166	0
136782	190012	292	166	0
136783	190106	292	166	0
136784	190176	292	166	0
136785	190239	292	166	0
136786	190315	292	166	0
136787	190406	292	166	0
136788	190500	292	166	0
136789	190557	292	166	0
136790	190616	292	166	0
136791	190700	292	166	0
136792	190771	292	166	0
136793	190845	292	166	0
136794	190911	292	166	0
136795	191015	292	166	0
136796	191140	292	166	0
136797	191215	292	166	0
136798	191338	292	166	0
136799	191409	292	166	0
136800	191474	292	166	0
136801	191531	292	166	0
136802	191607	292	166	0
136803	191702	292	166	0
136804	191777	292	166	0
136805	191852	293	166	0
136806	191949	292	166	0
136807	192040	292	167	0
136808	192135	292	167	0
136809	192271	292	167	0
136810	192319	292	166	0
136811	192437	292	167	0
136812	192508	292	167	0
136813	192610	292	167	0
136814	192712	292	167	0
136815	192803	292	167	0
136816	192901	292	167	0
136817	192995	292	166	0
136818	193072	292	166	0
136819	193204	292	166	0
136820	193269	292	166	0
136821	193351	292	166	0
136822	193406	291	166	0
136823	193509	291	166	0
136824	193616	291	166	0
136825	193731	291	166	0
136826	193836	291	166	0
136827	193927	291	166	0
136828	194011	291	166	0
136829	194108	291	166	0
136830	194233	292	166	0
136831	194282	291	166	0
136832	194342	292	166	0
136833	194509	292	166	0
136834	194604	292	166	0
136835	194733	291	166	0
136836	194772	292	166	0
136837	194897	291	166	0
136838	194961	291	166	0
136839	195063	292	166	0
136840	195141	292	166	0
136841	195246	291	166	0
136842	195332	291	166	0
136843	195406	291	166	0
136844	195508	292	166	0
136845	195613	291	166	0
136846	195735	291	166	0
136847	195895	291	166	0
136848	195968	291	166	0
136849	196075	291	166	0
136850	196139	291	166	0
136851	196204	291	166	0
136852	196306	291	166	0
136853	196374	291	166	0
136854	196468	291	166	0
136855	196563	291	166	0
136856	196630	292	166	0
136857	196732	292	166	0
136858	196801	292	166	0
136859	196899	292	166	0
136860	197003	291	166	0
136861	197099	291	166	0
136862	197223	290	167	0
136863	197336	290	167	0
136864	197431	290	167	0
136865	197542	290	167	0
136866	197642	290	167	0
136867	197734	290	167	0
136868	197797	290	167	0
136869	197864	290	167	0
136870	197942	290	167	0
136871	198003	290	167	0
136872	198068	290	167	0
136873	198137	290	167	0
136874	198234	290	167	0
136875	198325	290	167	0
136876	198398	290	167	0
136877	198504	290	167	0
136878	198565	290	167	0
136879	198649	290	167	0
136880	198800	290	167	0
136881	198901	290	167	0
136882	198972	290	167	0
136883	199060	290	167	0
136884	199157	290	167	0
136885	199234	290	167	0
136886	199369	290	167	0
136887	199462	290	167	0
136888	199590	290	167	0
136889	199670	290	167	0
136890	199730	290	167	0
136891	199803	290	167	0
136892	199902	290	167	0
136893	200028	290	167	0
136894	200108	290	167	0
136895	200227	290	167	0
136896	200293	290	167	0
136897	200429	290	167	0
136898	200601	290	167	0
136899	200659	290	167	0
136900	200757	290	167	0
136901	200895	290	167	0
136902	200969	290	167	0
136903	201061	290	167	0
136904	201128	290	167	0
136905	201196	290	167	0
136906	201304	290	167	0
136907	201398	290	167	0
136908	201461	290	167	0
136909	201594	290	167	0
136910	201659	290	167	0
136911	201736	290	167	0
136912	201838	290	167	0
136913	201923	290	167	0
136914	202022	290	167	0
136915	202138	290	167	0
136916	202236	290	167	0
136917	202325	290	167	0
136918	202388	290	167	0
136919	202457	290	167	0
136920	202501	290	167	0
136921	202600	290	167	0
136922	202698	290	167	0
136923	202792	290	167	0
136924	202855	290	167	0
136925	202967	290	167	0
136926	203064	290	167	0
136927	203157	290	167	0
136928	203232	290	167	0
136929	203334	290	167	0
136930	203408	290	167	0
136931	203501	290	167	0
136932	203566	290	167	0
136933	203660	290	167	0
136934	203769	290	167	0
136935	203882	290	167	0
136936	204029	290	167	0
136937	204128	290	167	0
136938	204224	290	167	0
136939	204292	290	167	0
136940	204357	290	167	0
136941	204462	290	167	0
136942	204590	290	167	0
136943	204700	290	167	0
136944	204821	290	167	0
136945	204895	290	167	0
136946	204989	291	167	0
136947	205065	291	167	0
136948	205159	291	167	0
136949	205287	291	167	0
136950	205402	291	167	0
136951	205493	291	167	0
136952	205594	291	167	0
136953	205674	291	167	0
136954	205751	291	167	0
136955	205802	291	167	0
136956	205866	291	167	0
136957	205963	291	167	0
136958	206047	290	168	0
136959	206182	290	168	0
136960	206232	290	168	0
136961	206326	290	168	0
136962	206390	290	168	0
136963	206457	290	168	0
136964	206516	290	168	0
136965	206580	290	168	0
136966	206624	290	168	0
136967	206688	290	168	0
136968	206757	290	168	0
136969	206831	290	168	0
136970	206918	290	168	0
136971	207027	290	168	0
136972	207128	290	168	0
136973	207221	289	169	0
136974	207294	289	168	0
136975	207418	290	168	0
136976	207496	290	168	0
136977	207556	290	168	0
136978	207625	290	168	0
136979	207705	290	168	0
136980	207856	290	168	0
136981	207966	290	168	0
136982	208053	290	168	0
136983	208150	290	168	0
136984	208256	290	168	0
136985	208357	290	168	0
136986	208455	290	168	0
136987	208520	290	168	0
136988	208614	290	168	0
136989	208692	290	168	0
136990	208764	289	168	0
136991	208860	289	168	0
136992	208956	289	168	0
136993	209046	289	168	0
136994	209128	289	168	0
136995	209197	289	168	0
136996	209298	289	168	0
136997	209382	289	168	0
136998	209488	289	168	0
136999	209554	289	168	0
137000	209643	290	168	0
137001	209751	290	168	0
137002	209876	291	168	0
137003	209932	291	168	0
137004	210026	291	168	0
137005	210102	291	168	0
137006	210185	290	169	0
137007	210287	290	168	0
137008	210382	291	168	0
137009	210428	291	168	0
137010	210525	291	168	0
137011	210582	291	168	0
137012	210680	291	168	0
137013	210762	291	168	0
137014	210829	291	168	0
137015	210959	291	168	0
137016	211046	291	168	0
137017	211132	290	169	0
137018	211194	290	169	0
137019	211254	290	169	0
137020	211347	290	169	0
137021	211415	290	169	0
137022	211515	290	169	0
137023	211614	290	169	0
137024	211685	290	169	0
137025	211750	290	169	0
137026	211854	290	168	0
137027	211931	290	168	0
137028	212018	289	168	0
137029	212087	289	168	0
137030	212155	289	168	0
137031	212254	289	168	0
137032	212354	289	168	0
137033	212476	289	168	0
137034	212540	289	168	0
137035	212643	289	168	0
137036	212711	289	168	0
137037	212772	289	168	0
137038	212840	289	168	0
137039	212924	289	168	0
137040	213012	289	168	0
137041	213099	289	168	0
137042	213163	289	167	0
137043	213221	290	167	0
137044	213315	291	167	0
137045	213419	291	167	0
137046	213495	291	167	0
137047	213588	291	167	0
137048	213676	290	168	0
137049	213780	290	168	0
137050	213875	290	168	0
137051	213942	290	167	0
137052	214023	290	167	0
137053	214111	290	167	0
137054	214185	290	167	0
137055	214276	290	167	0
137056	214343	290	167	0
137057	214415	290	167	0
137058	214521	290	167	0
137059	214646	290	167	0
137060	214774	290	167	0
137061	214880	290	167	0
137062	214987	290	167	0
137063	215044	290	167	0
137064	215100	290	167	0
137065	215208	290	167	0
137066	215321	290	167	0
137067	215398	291	167	0
137068	215456	290	168	0
137069	215535	290	168	0
137070	215689	290	167	0
137071	215783	291	167	0
137072	215853	290	168	0
137073	215950	290	168	0
137074	216011	290	168	0
137075	216116	290	168	0
137076	216252	290	168	0
137077	216339	290	168	0
137078	216414	290	168	0
137079	216474	290	168	0
137080	216548	290	168	0
137081	216633	290	168	0
137082	216718	290	168	0
137083	216836	290	168	0
137084	216917	290	167	0
137085	217015	290	167	0
137086	217076	290	167	0
137087	217139	290	167	0
137088	217226	290	167	0
137089	217290	290	167	0
137090	217377	290	167	0
137091	217447	290	167	0
137092	217558	290	167	0
137093	217649	290	167	0
137094	217721	290	167	0
137095	217811	290	167	0
137096	217878	290	167	0
137097	217979	290	167	0
137098	218050	290	167	0
137099	218121	290	167	0
137100	218180	290	167	0
137101	218294	290	167	0
137102	218414	290	167	0
137103	218504	290	168	0
137104	218598	290	168	0
137105	218702	290	168	0
137106	218777	290	168	0
137107	218900	290	167	0
137108	218977	291	167	0
137109	219044	291	167	0
137110	219090	291	167	0
137111	219160	291	167	0
137112	219241	290	168	0
137113	219310	290	168	0
137114	219386	290	168	0
137115	219453	290	168	0
137116	219538	290	168	0
137117	219638	290	168	0
137118	219715	290	167	0
137119	219783	290	167	0
137120	219852	290	167	0
137121	219945	290	167	0
137122	220031	290	167	0
137123	220104	290	167	0
137124	220185	290	167	0
137125	220275	290	167	0
137126	220347	290	167	0
137127	220437	290	167	0
137128	220509	290	167	0
137129	220581	290	167	0
137130	220672	290	167	0
137131	220732	290	167	0
137132	220812	290	167	0
137133	220879	290	167	0
137134	220966	290	167	0
137135	221030	290	167	0
137136	221094	290	167	0
137137	221140	290	167	0
137138	221216	290	167	0
137139	221274	290	167	0
137140	221359	291	167	0
137141	221428	291	167	0
137142	221503	291	167	0
137143	221570	291	167	0
137144	221637	291	167	0
137145	221735	291	167	0
137146	221833	291	167	0
137147	221903	291	167	0
137148	221971	291	167	0
137149	222038	291	167	0
137150	222106	291	167	0
137151	222178	291	167	0
137152	222243	290	168	0
137153	222327	290	168	0
137154	222396	290	168	0
137155	222470	290	168	0
137156	222564	290	168	0
137157	222632	290	168	0
137158	222678	290	168	0
137159	222745	290	167	0
137160	222806	290	167	0
137161	222864	290	167	0
137162	222932	290	167	0
137163	222993	290	167	0
137164	223063	290	167	0
137165	223107	290	167	0
137166	223175	290	167	0
137167	223236	290	167	0
137168	223311	290	167	0
137169	223397	290	167	0
137170	223452	290	167	0
137171	223503	290	167	0
137172	223540	290	167	0
137173	223608	290	167	0
137174	223672	290	167	0
137175	223765	290	167	0
137176	223835	290	167	0
137177	223910	290	167	0
137178	223992	290	167	0
137179	224070	290	167	0
137180	224165	290	167	0
137181	224246	290	167	0
137182	224332	290	167	0
137183	224393	290	167	0
137184	224468	291	167	0
137185	224533	291	167	0
137186	224599	291	167	0
137187	224663	291	167	0
137188	224741	290	168	0
137189	224815	290	168	0
137190	224900	290	168	0
137191	224968	290	168	0
137192	225033	290	168	0
137193	225102	290	168	0
137194	225171	290	168	0
137195	225247	290	168	0
137196	225341	290	168	0
137197	225429	290	168	0
137198	225525	290	168	0
137199	225594	290	168	0
137200	225661	290	168	0
137201	225734	290	168	0
137202	225806	290	168	0
137203	225894	290	167	0
137204	225963	291	167	0
137205	226034	291	167	0
137206	226105	290	168	0
137207	226165	290	168	0
137208	226236	290	168	0
137209	226328	290	168	0
137210	226392	290	168	0
137211	226454	290	168	0
137212	226534	290	168	0
137213	226600	290	168	0
137214	226661	290	168	0
137215	226734	290	168	0
137216	226833	290	168	0
137217	226901	290	168	0
137218	226964	290	168	0
137219	227015	290	168	0
137220	227092	290	168	0
137221	227158	290	168	0
137222	227228	290	168	0
137223	227306	290	168	0
137224	227366	290	168	0
137225	227450	290	168	0
137226	227513	290	168	0
137227	227591	290	168	0
137228	227663	290	168	0
137229	227733	290	168	0
137230	227802	290	168	0
137231	227880	290	168	0
137232	227955	290	168	0
137233	228014	290	168	0
137234	228086	290	168	0
137235	228135	290	168	0
137236	228228	290	168	0
137237	228296	290	168	0
137238	228389	290	168	0
137239	228436	290	168	0
137240	228505	290	168	0
137241	228563	290	168	0
137242	228629	290	168	0
137243	228725	290	168	0
137244	228820	290	168	0
137245	228867	290	168	0
137246	228964	290	168	0
137247	229024	290	167	0
137248	229091	290	167	0
137249	229158	290	167	0
137250	229241	290	167	0
137251	229303	290	167	0
137252	229396	291	167	0
137253	229458	291	167	0
137254	229523	291	167	0
137255	229585	291	167	0
137256	229647	291	167	0
137257	229705	291	167	0
137258	229771	291	167	0
137259	229832	291	167	0
137260	229926	291	167	0
137261	229990	291	167	0
137262	230049	291	167	0
137263	230096	291	167	0
137264	230160	291	167	0
137265	230230	291	167	0
137266	230304	291	167	0
137267	230389	291	167	0
137268	230496	291	167	0
137269	230562	291	167	0
137270	230624	291	167	0
137271	230697	290	168	0
137272	230787	290	168	0
137273	230854	290	168	0
137274	230937	290	168	0
137275	230998	290	168	0
137276	231065	290	168	0
137277	231132	290	168	0
137278	231198	290	168	0
137279	231284	290	168	0
137280	231331	290	167	0
137281	231402	290	167	0
137282	231483	291	167	0
137283	231528	291	167	0
137284	231619	291	167	0
137285	231686	290	168	0
137286	231737	290	168	0
137287	231803	290	168	0
137288	231862	290	168	0
137289	231924	290	168	0
137290	231989	290	168	0
137291	232054	290	168	0
137292	232119	290	168	0
137293	232193	290	168	0
137294	232246	290	168	0
137295	232306	290	168	0
137296	232368	290	168	0
137297	232453	290	168	0
137298	232522	290	167	0
137299	232592	290	167	0
137300	232686	290	167	0
137301	232745	290	167	0
137302	232803	290	167	0
137303	232879	290	167	0
137304	232940	290	167	0
137305	233011	290	167	0
137306	233079	290	167	0
137307	233124	290	167	0
137308	233220	290	167	0
137309	233272	290	167	0
137310	233357	290	167	0
137311	233428	290	167	0
137312	233480	290	167	0
137313	233539	290	167	0
137314	233590	290	167	0
137315	233654	290	167	0
137316	233750	290	167	0
137317	233795	290	167	0
137318	233865	290	167	0
137319	233961	291	167	0
137320	234028	290	168	0
137321	234148	290	168	0
137322	234195	290	168	0
137323	234293	290	168	0
137324	234389	290	168	0
137325	234453	290	168	0
137326	234518	290	168	0
137327	234586	290	168	0
137328	234646	290	168	0
137329	234723	290	168	0
137330	234787	290	167	0
137331	234853	290	167	0
137332	234936	290	167	0
137333	235003	290	167	0
137334	235079	290	167	0
137335	235152	290	167	0
137336	235222	290	167	0
137337	235313	290	167	0
137338	235389	290	167	0
137339	235459	290	167	0
137340	235521	290	167	0
137341	235559	290	167	0
137342	235659	290	167	0
137343	235749	290	167	0
137344	235802	290	167	0
137345	235859	290	167	0
137346	235929	290	167	0
137347	235990	290	167	0
137348	236056	290	167	0
137349	236148	290	167	0
137350	236229	290	167	0
137351	236297	290	167	0
137352	236385	290	167	0
137353	236451	291	167	0
137354	236513	291	167	0
137355	236582	291	167	0
137356	236641	291	167	0
137357	236689	291	167	0
137358	236759	291	167	0
137359	236828	291	167	0
137360	236917	291	167	0
137361	236995	290	168	0
137362	237063	290	167	0
137363	237126	291	167	0
137364	237187	291	167	0
137365	237255	291	167	0
137366	237319	291	167	0
137367	237403	290	167	0
137368	237447	290	167	0
137369	237492	290	167	0
137370	237561	290	167	0
137371	237630	290	167	0
137372	237720	290	167	0
137373	237814	290	167	0
137374	237889	290	167	0
137375	237949	290	167	0
137376	238021	290	167	0
137377	238117	290	167	0
137378	238175	290	167	0
137379	238215	290	167	0
137380	238283	290	167	0
137381	238342	290	167	0
137382	238410	290	167	0
137383	238468	290	167	0
137384	238506	290	167	0
137385	238553	290	167	0
137386	238676	290	167	0
137387	238724	290	167	0
137388	238783	290	167	0
137389	238846	291	167	0
137390	238917	291	167	0
137391	238977	291	167	0
137392	239033	291	167	0
137393	239109	291	167	0
137394	239182	291	167	0
137395	239262	291	167	0
137396	239327	291	167	0
137397	239410	291	167	0
137398	239479	291	167	0
137399	239559	291	167	0
137400	239629	291	167	0
137401	239687	291	167	0
137402	239762	291	167	0
137403	239821	291	167	0
137404	239888	292	167	0
137405	239960	291	167	0
137406	240062	291	167	0
137407	240199	292	167	0
137408	240284	291	167	0
137409	240373	290	168	0
137410	240446	290	168	0
137411	240523	290	168	0
137412	240622	290	168	0
137413	240731	290	168	0
137414	240819	290	168	0
137415	240892	290	168	0
137416	240988	290	168	0
137417	241075	290	168	0
137418	241173	290	168	0
137419	241258	290	167	0
137420	241321	290	167	0
137421	241421	290	167	0
137422	241513	290	167	0
137423	241620	290	167	0
137424	241758	290	167	0
137425	241865	290	167	0
137426	241936	290	167	0
137427	242016	290	167	0
137428	242083	290	167	0
137429	242185	290	167	0
137430	242249	290	167	0
137431	242308	290	167	0
137432	242385	290	167	0
137433	242483	290	167	0
137434	242571	290	167	0
137435	242650	290	167	0
137436	242742	290	167	0
137437	242881	290	167	0
137438	242968	290	167	0
137439	243144	290	167	0
137440	243236	290	167	0
137441	243271	290	167	0
137442	243310	290	167	0
137443	243351	290	167	0
137444	243392	290	167	0
137445	243445	290	167	0
137446	243486	290	167	0
137447	243538	290	167	0
137448	243606	290	167	0
137449	243673	290	167	0
137450	243744	290	167	0
137451	243811	290	167	0
137452	243879	290	167	0
137453	243943	290	167	0
137454	244005	290	167	0
137455	244076	290	167	0
137456	244144	290	167	0
137457	244200	290	167	0
137458	244268	290	167	0
137459	244339	290	167	0
137460	244403	290	167	0
137461	244473	290	167	0
137462	244517	290	167	0
137463	244571	290	167	0
137464	244643	290	167	0
137465	244706	290	167	0
137466	244771	290	167	0
137467	244838	290	167	0
137468	244900	290	167	0
137469	244976	290	167	0
137470	245044	290	167	0
137471	245108	290	167	0
137472	245181	290	167	0
137473	245236	290	167	0
137474	245312	290	167	0
137475	245394	290	167	0
137476	245468	290	167	0
137477	245542	290	167	0
137478	245603	290	167	0
137479	245693	290	167	0
137480	245744	290	167	0
137481	245806	290	167	0
137482	245847	290	167	0
137483	245936	290	167	0
137484	245996	290	167	0
137485	246037	290	167	0
137486	246095	290	167	0
137487	246147	290	167	0
137488	246242	290	167	0
137489	246307	290	167	0
137490	246375	291	167	0
137491	246468	291	167	0
137492	246543	291	167	0
137493	246608	291	167	0
137494	246678	291	167	0
137495	246737	291	167	0
137496	246796	291	167	0
137497	246836	291	167	0
137498	246900	291	167	0
137499	246962	291	167	0
137500	247048	291	167	0
137501	247108	291	167	0
137502	247196	291	167	0
137503	247255	291	167	0
137504	247302	291	167	0
137505	247365	291	167	0
137506	247438	291	167	0
137507	247480	291	167	0
137508	247549	291	167	0
137509	247604	291	167	0
137510	247664	291	167	0
137511	247705	291	167	0
137512	247755	291	167	0
137513	247817	291	167	0
137514	247867	291	167	0
137515	247939	291	167	0
137516	248006	291	167	0
137517	248061	291	167	0
137518	248097	291	167	0
137519	248159	291	167	0
137520	248208	291	167	0
137521	248272	291	167	0
137522	248323	291	167	0
137523	248395	291	167	0
137524	248457	291	167	0
137525	248521	291	167	0
137526	248583	291	167	0
137527	248637	291	167	0
137528	248704	291	167	0
137529	248763	291	167	0
137530	248835	291	167	0
137531	248879	291	167	0
137532	248948	291	167	0
137533	249038	291	167	0
137534	249107	291	167	0
137535	249173	291	167	0
137536	249236	291	167	0
137537	249300	291	167	0
137538	249391	291	167	0
137539	249446	291	167	0
137540	249539	291	167	0
137541	249604	291	167	0
137542	249694	291	167	0
137543	249736	291	167	0
137544	249797	291	167	0
137545	249844	291	167	0
137546	249912	291	167	0
137547	249973	291	167	0
137548	250037	291	166	0
137549	250103	291	166	0
137550	250159	292	166	0
137551	250198	292	166	0
137552	250264	292	166	0
137553	250302	292	166	0
137554	250375	292	166	0
137555	250437	292	166	0
137556	250501	292	166	0
137557	250628	292	166	0
137558	250712	292	166	0
137559	250824	292	166	0
137560	250910	292	166	0
137561	251004	292	166	0
137562	251081	292	166	0
137563	251143	292	166	0
137564	251236	292	166	0
137565	251343	292	166	0
137566	251439	292	166	0
137567	251518	292	166	0
137568	251584	292	166	0
137569	251702	292	166	0
137570	251773	292	166	0
137571	251903	291	167	0
137572	252008	291	167	0
137573	252105	291	167	0
137574	252167	291	167	0
137575	252273	291	167	0
137576	252336	291	167	0
137577	252415	291	167	0
137578	252511	291	167	0
137579	252601	291	167	0
137580	252696	291	167	0
137581	252768	291	167	0
137582	252842	291	167	0
137583	252898	291	167	0
137584	252997	291	167	0
137585	253099	291	167	0
137586	253165	291	166	0
137587	253237	292	166	0
137588	253344	292	166	0
137589	253429	292	166	0
137590	253495	292	166	0
137591	253601	292	166	0
137592	253672	292	166	0
137593	253756	292	166	0
137594	253818	292	166	0
137595	253887	292	166	0
137596	253973	292	166	0
137597	254072	292	166	0
137598	254140	292	166	0
137599	254235	292	166	0
137600	254331	291	166	0
137601	254439	291	166	0
137602	254565	291	166	0
137603	254672	291	166	0
137604	254758	290	166	0
137605	254836	290	166	0
137606	254938	290	166	0
137607	255030	291	166	0
137608	255101	291	166	0
137609	255229	291	166	0
137610	255301	291	166	0
137611	255365	291	166	0
137612	255433	291	166	0
137613	255534	291	166	0
137614	255638	291	166	0
137615	255735	291	166	0
137616	255861	291	166	0
137617	255937	291	166	0
137618	256034	290	166	0
137619	256164	290	166	0
137620	256265	290	166	0
137621	256390	290	166	0
137622	256464	290	166	0
137623	256540	290	166	0
137624	256620	290	166	0
137625	256724	291	166	0
137626	256798	291	166	0
137627	256943	291	166	0
137628	257091	291	166	0
137629	257189	291	166	0
137630	257257	291	166	0
137631	257321	291	166	0
137632	257403	291	166	0
137633	257503	291	166	0
137634	257617	291	166	0
137635	257698	291	166	0
137636	257798	291	166	0
137637	257903	291	166	0
137638	257968	291	166	0
137639	258069	291	166	0
137640	258164	291	166	0
137641	258230	291	166	0
137642	258300	291	166	0
137643	258359	291	166	0
137644	258470	291	166	0
137645	258557	291	166	0
137646	258638	291	166	0
137647	258729	291	166	0
137648	258830	291	166	0
137649	258899	292	166	0
137650	258973	292	166	0
137651	259083	292	166	0
137652	259197	290	167	0
137653	259295	290	167	0
137654	259358	290	167	0
137655	259436	290	167	0
137656	259529	290	167	0
137657	259623	290	167	0
137658	259694	290	167	0
137659	259767	290	167	0
137660	259863	290	167	0
137661	259946	290	167	0
137662	260029	290	167	0
137663	260106	290	167	0
137664	260193	290	167	0
137665	260295	290	167	0
137666	260363	290	167	0
137667	260448	290	167	0
137668	260556	290	167	0
137669	260625	290	167	0
137670	260711	290	167	0
137671	260828	290	167	0
137672	260885	290	166	0
137673	261000	290	166	0
137674	261067	290	166	0
137675	261165	290	166	0
137676	261254	290	166	0
137677	261335	290	166	0
137678	261450	290	166	0
137679	261598	290	166	0
137680	261656	290	166	0
137681	261753	290	166	0
137682	261864	290	166	0
137683	261961	290	166	0
137684	262061	290	166	0
137685	262149	290	166	0
137686	262200	291	166	0
137687	262285	291	166	0
137688	262388	291	166	0
137689	262462	291	166	0
137690	262517	291	166	0
137691	262597	291	166	0
137692	262690	291	166	0
137693	262758	291	166	0
137694	262854	290	167	0
137695	262956	290	166	0
137696	263065	290	166	0
137697	263166	290	166	0
137698	263252	290	166	0
137699	263352	290	166	0
137700	263461	290	166	0
137701	263561	290	166	0
137702	263647	290	166	0
137703	263749	290	166	0
137704	263857	290	166	0
137705	263991	290	166	0
137706	264064	290	166	0
137707	264155	290	166	0
137708	264258	290	166	0
137709	264325	290	166	0
137710	264420	290	166	0
137711	264486	290	166	0
137712	264622	291	166	0
137713	264758	291	166	0
137714	264852	291	166	0
137715	264936	290	166	0
137716	265003	290	166	0
137717	265065	290	166	0
137718	265154	290	166	0
137719	265254	290	166	0
137720	265340	290	166	0
137721	265444	290	166	0
137722	265488	290	166	0
137723	265589	290	166	0
137724	265684	290	166	0
137725	265792	290	166	0
137726	265847	290	166	0
137727	265893	290	166	0
137728	265962	290	166	0
137729	266054	290	166	0
137730	266180	290	166	0
137731	266277	291	166	0
137732	266382	291	166	0
137733	266459	290	166	0
137734	266580	290	166	0
137735	266719	290	166	0
137736	266785	290	166	0
137737	266885	290	166	0
137738	267001	290	166	0
137739	267108	290	166	0
137740	267185	290	166	0
137741	267253	290	166	0
137742	267299	290	166	0
137743	267358	290	166	0
137744	267453	290	166	0
137745	267560	290	166	0
137746	267638	290	166	0
137747	267749	290	166	0
137748	267851	290	166	0
137749	267922	290	166	0
137750	267986	290	166	0
137751	268081	290	166	0
137752	268190	290	166	0
137753	268287	290	166	0
137754	268383	290	166	0
137755	268446	290	166	0
137756	268517	290	166	0
137757	268581	290	166	0
137758	268645	290	166	0
137759	268713	290	166	0
137760	268792	290	166	0
137761	268917	290	166	0
137762	268979	290	166	0
137763	269077	290	166	0
137764	269145	290	166	0
137765	269208	290	166	0
137766	269295	290	166	0
137767	269387	290	166	0
137768	269477	290	166	0
137769	269584	290	166	0
137770	269679	290	166	0
137771	269784	290	166	0
137772	269844	290	166	0
137773	269941	290	166	0
137774	270003	290	165	0
137775	270124	291	165	0
137776	270217	291	165	0
137777	270352	290	166	0
137778	270430	290	166	0
137779	270492	290	166	0
137780	270578	290	166	0
137781	270644	290	166	0
137782	270781	290	166	0
137783	270870	291	166	0
137784	270955	291	166	0
137785	271048	291	166	0
137786	271143	291	166	0
137787	271218	291	166	0
137788	271323	291	166	0
137789	271413	291	166	0
137790	271542	291	166	0
137791	271651	291	166	0
137792	271779	291	166	0
137793	271879	292	166	0
137794	271977	292	166	0
137795	272056	292	166	0
137796	272145	292	166	0
137797	272213	292	166	0
137798	272341	292	166	0
137799	272435	292	166	0
137800	272485	292	166	0
137801	272552	292	166	0
137802	272616	292	166	0
137803	272685	292	166	0
137804	272784	291	166	0
137805	272871	292	166	0
137806	272946	292	166	0
137807	273021	292	166	0
137808	273110	292	166	0
137809	273214	292	166	0
137810	273344	291	167	0
137811	273418	291	167	0
137812	273491	291	167	0
137813	273592	291	167	0
137814	273716	291	167	0
137815	273782	291	167	0
137816	273861	291	167	0
137817	273949	291	167	0
137818	274036	291	167	0
137819	274099	291	167	0
137820	274151	291	166	0
137821	274244	291	167	0
137822	274315	291	167	0
137823	274406	291	167	0
137824	274501	291	167	0
137825	274550	291	167	0
137826	274645	291	167	0
137827	274744	291	167	0
137828	274807	291	167	0
137829	274904	291	167	0
137830	274977	291	167	0
137831	275078	291	167	0
137832	275151	291	167	0
137833	275243	291	167	0
137834	275334	291	167	0
137835	275418	291	168	0
137836	275541	291	168	0
137837	275636	291	168	0
137838	275736	291	168	0
137839	275777	291	169	0
137840	275886	290	169	0
137841	275952	290	169	0
137842	276076	290	169	0
137843	276173	290	169	0
137844	276279	290	169	0
137845	276444	290	169	0
137846	276571	290	169	0
137847	276645	290	169	0
137848	276774	290	169	0
137849	276838	290	169	0
137850	276931	290	169	0
137851	276997	290	169	0
137852	277117	290	169	0
137853	277208	290	169	0
137854	277302	290	169	0
137855	277396	290	169	0
137856	277476	290	169	0
137857	277604	290	169	0
137858	277734	290	169	0
137859	277795	290	169	0
137860	277860	290	169	0
137861	277970	290	168	0
137862	278102	290	169	0
137863	278168	289	169	0
137864	278250	287	170	0
137865	278342	287	170	0
137866	278477	286	170	0
137867	278566	286	170	0
137868	278640	286	170	0
137869	278708	286	170	0
137870	278765	286	170	0
137871	278839	286	170	0
137872	278926	286	170	0
137873	279030	286	170	0
137874	279132	286	170	0
137875	279174	286	170	0
137876	279311	286	170	0
137877	279373	286	170	0
137878	279482	286	170	0
137879	279613	286	170	0
137880	279703	286	170	0
137881	279827	286	170	0
137882	279904	286	170	0
137883	280008	286	170	0
137884	280103	286	170	0
137885	280227	286	170	0
137886	280283	286	170	0
137887	280407	286	170	0
137888	280501	286	170	0
137889	280600	286	170	0
137890	280696	286	170	0
137891	280765	286	170	0
137892	280834	286	170	0
137893	280900	286	170	0
137894	280973	286	170	0
137895	281046	286	170	0
137896	281141	286	170	0
137897	281247	286	170	0
137898	281331	286	170	0
137899	281405	286	170	0
137900	281493	286	170	0
137901	281539	286	170	0
137902	281602	286	170	0
137903	281735	286	170	0
137904	281808	286	170	0
137905	281869	286	170	0
137906	281933	286	170	0
137907	281996	286	170	0
137908	282075	286	170	0
137909	282164	286	170	0
137910	282234	286	170	0
137911	282324	286	170	0
137912	282367	286	170	0
137913	282436	286	170	0
137914	282534	286	170	0
137915	282634	286	170	0
137916	282726	286	170	0
137917	282806	286	170	0
137918	282868	286	170	0
137919	282962	285	170	0
137920	283040	285	170	0
137921	283134	285	170	0
137922	283208	285	170	0
137923	283300	285	170	0
137924	283365	285	170	0
137925	283485	285	170	0
137926	283560	286	170	0
137927	283670	286	170	0
137928	283743	285	171	0
137929	283860	285	171	0
137930	283966	285	171	0
137931	284037	285	171	0
137932	284169	285	171	0
137933	284263	285	171	0
137934	284356	285	171	0
137935	284461	285	171	0
137936	284578	285	171	0
137937	284637	285	170	0
137938	284713	285	170	0
137939	284758	285	170	0
137940	284832	285	170	0
137941	284906	285	170	0
137942	284969	285	170	0
137943	285065	285	170	0
137944	285143	285	170	0
137945	285235	285	170	0
137946	285333	285	170	0
137947	285426	286	170	0
137948	285555	286	170	0
137949	285667	286	170	0
137950	285769	286	170	0
137951	285830	286	170	0
137952	285922	286	170	0
137953	286059	285	170	0
137954	286139	285	170	0
137955	286218	285	170	0
137956	286324	285	170	0
137957	286391	285	170	0
137958	286470	285	170	0
137959	286536	285	170	0
137960	286598	285	170	0
137961	286736	285	170	0
137962	286827	285	170	0
137963	286930	285	170	0
137964	286995	285	170	0
137965	287060	285	170	0
137966	287132	285	170	0
137967	287230	285	170	0
137968	287288	285	170	0
137969	287402	285	170	0
137970	287503	285	170	0
137971	287624	286	170	0
137972	287757	285	171	0
137973	287838	285	171	0
137974	288020	285	170	0
137975	288094	285	170	0
137976	288206	285	170	0
137977	288328	285	170	0
137978	288424	285	170	0
137979	288536	285	170	0
137980	288618	285	170	0
137981	288712	285	170	0
137982	288787	285	170	0
137983	288886	285	170	0
137984	288992	285	170	0
137985	289071	285	170	0
137986	289156	285	170	0
137987	289224	285	170	0
137988	289370	285	170	0
137989	289467	285	170	0
137990	289575	285	170	0
137991	289793	285	170	0
137992	289897	285	170	0
137993	289997	285	170	0
137994	290058	285	170	0
137995	290152	284	170	0
137996	290227	284	170	0
137997	290326	284	171	0
137998	290390	284	171	0
137999	290493	284	170	0
138000	290631	284	170	0
138001	290698	285	170	0
138002	290825	285	170	0
138003	290923	285	170	0
138004	290988	285	170	0
138005	291057	285	170	0
138006	291126	285	170	0
138007	291199	285	170	0
138008	291324	285	170	0
138009	291432	285	170	0
138010	291531	285	170	0
138011	291597	285	170	0
138012	291690	285	170	0
138013	291810	285	170	0
138014	291899	285	170	0
138015	292021	285	170	0
138016	292117	285	170	0
138017	292215	285	170	0
138018	292290	284	170	0
138019	292389	285	170	0
138020	292487	284	170	0
138021	292609	284	170	0
138022	292696	284	170	0
138023	292828	284	170	0
138024	292958	284	170	0
138025	293020	284	170	0
138026	293118	284	170	0
138027	293185	284	170	0
138028	293257	284	171	0
138029	293402	284	170	0
138030	293489	284	170	0
138031	293591	284	170	0
138032	293661	284	170	0
138033	293721	284	170	0
138034	293823	285	170	0
138035	293897	284	170	0
138036	293958	284	170	0
138037	294055	284	170	0
138038	294118	284	171	0
138039	294187	284	170	0
138040	294262	284	170	0
138041	294363	284	170	0
138042	294425	284	170	0
138043	294549	284	170	0
138044	294649	284	170	0
138045	294762	284	170	0
138046	294839	284	170	0
138047	294959	284	170	0
138048	295076	284	170	0
138049	295128	285	170	0
138050	295171	285	170	0
138051	295269	285	170	0
138052	295378	285	170	0
138053	295445	285	170	0
138054	295543	285	170	0
138055	295628	285	170	0
138056	295721	285	170	0
138057	295814	285	170	0
138058	295884	285	169	0
138059	295954	286	169	0
138060	296053	285	170	0
138061	296155	285	170	0
138062	296248	284	170	0
138063	296356	284	170	0
138064	296453	284	170	0
138065	296551	284	170	0
138066	296677	284	170	0
138067	296743	284	170	0
138068	296787	284	170	0
138069	296862	284	170	0
138070	296953	284	170	0
138071	297046	284	170	0
138072	297140	284	170	0
138073	297200	284	170	0
138074	297264	284	170	0
138075	297327	284	170	0
138076	297412	284	170	0
138077	297477	284	170	0
138078	297588	284	170	0
138079	297680	284	170	0
138080	297770	284	170	0
138081	297938	284	170	0
138082	298017	284	170	0
138083	298116	284	170	0
138084	298184	284	170	0
138085	298276	285	170	0
138086	298346	285	170	0
138087	298443	285	170	0
138088	298615	285	170	0
138089	298710	285	170	0
138090	298772	285	170	0
138091	298847	285	170	0
138092	298951	285	170	0
138093	299066	285	170	0
138094	299115	285	170	0
138095	299203	285	170	0
138096	299250	285	170	0
138097	299326	285	170	0
138098	299411	285	170	0
138099	299494	285	170	0
138100	299576	285	170	0
138101	299722	285	170	0
138102	299815	284	170	0
138103	299883	284	170	0
138104	299979	284	170	0
138105	300058	284	170	0
