frame	time	x	y	burst
156717	39	143	73	0
156718	107	143	74	0
156719	165	143	74	0
156720	208	143	76	0
156721	270	143	77	0
156722	352	142	78	0
156723	406	142	80	0
156724	460	141	81	0
156725	522	140	82	0
156726	593	140	84	0
156727	660	139	87	0
156728	717	139	91	0
156729	789	139	96	0
156730	861	141	104	0
156731	937	142	106	0
156732	992	143	110	0
156733	1059	144	114	0
156734	1131	148	122	0
156735	1196	150	126	0
156736	1267	152	130	0
156737	1315	153	135	0
156738	1380	154	137	0
156739	1439	156	142	0
156740	1501	158	147	0
156741	1567	161	153	0
156742	1633	164	158	0
156743	1693	166	163	0
156744	1764	169	167	0
156745	1832	171	170	0
156746	1872	175	178	0
156747	1933	175	179	0
156748	1997	178	184	0
156749	2064	181	189	0
156750	2127	184	194	0
156751	2175	185	199	0
156752	2266	187	202	0
156753	2332	191	210	0
156754	2399	192	212	0
156755	2466	195	219	0
156756	2527	198	224	0
156757	2590	202	229	0
156758	2627	205	231	0
156759	2672	205	233	0
156760	2729	208	236	0
156761	2797	210	239	0
156762	2862	213	243	0
156763	2924	214	249	0
156764	2988	215	253	0
156765	3036	215	256	0
156766	3103	215	260	0
156767	3162	216	264	0
156768	3229	217	269	0
156769	3288	218	274	0
156770	3359	218	276	0
156771	3431	219	283	0
156772	3466	220	285	0
156773	3532	221	291	0
156774	3596	222	296	0
156775	3660	223	302	0
156776	3733	224	305	0
156777	3790	225	312	0
156778	3833	226	318	0
156779	3891	226	320	0
156780	3965	226	325	0
156781	4033	226	330	0
156782	4095	226	334	0
156783	4159	227	338	0
156784	4216	227	341	0
156785	4301	227	343	0
156786	4369	228	346	0
156787	4441	228	352	0
156788	4536	228	357	0
156789	4599	228	364	0
156790	4666	229	369	0
156791	4737	230	371	0
156792	4799	230	377	0
156793	4867	231	383	0
156794	4927	231	388	0
156795	4989	231	393	0
156796	5053	231	396	0
156797	5111	232	397	0
156798	5198	232	399	0
156799	5258	232	399	0
156800	5317	232	399	0
156801	5359	231	399	0
156802	5433	231	398	0
156803	5532	231	398	0
156804	5598	231	397	0
156805	5657	231	396	0
156806	5725	230	396	0
156807	5786	230	396	0
156808	5833	230	395	0
156809	5901	228	396	0
156810	5973	228	396	0
156811	6038	228	395	0
156812	6101	228	394	0
156813	6135	228	394	0
156814	6225	228	394	0
156815	6296	226	395	0
156816	6371	226	395	0
156817	6473	226	395	0
156818	6560	226	395	0
156819	6656	226	395	0
156820	6718	225	396	0
156821	6800	225	396	0
156822	6928	226	396	0
156823	7056	224	398	0
156824	7174	224	398	0
156825	7264	224	398	0
156826	7325	224	398	0
156827	7399	224	398	0
156828	7495	224	398	0
156829	7599	224	398	0
156830	7672	224	397	0
156831	7742	224	397	0
156832	7854	224	396	0
156833	7923	224	395	0
156834	8034	224	394	0
156835	8129	225	392	0
156836	8289	225	391	0
156837	8371	225	385	0
156838	8464	225	381	0
156839	8524	225	376	0
156840	8591	225	373	0
156841	8738	225	371	0
156842	8924	223	357	0
156843	9053	221	341	0
156844	9135	220	335	0
156845	9226	217	326	0
156846	9268	216	318	0
156847	9326	216	316	0
156848	9420	215	313	0
156849	9492	214	304	0
156850	9592	214	300	0
156851	9629	213	292	0
156852	9759	212	289	0
156853	9848	212	278	0
156854	9921	211	271	0
156855	9979	210	265	0
156856	10034	210	260	0
156857	10126	210	254	0
156858	10184	210	244	0
156859	10265	210	239	0
156860	10348	210	232	0
156861	10401	210	223	0
156862	10494	210	220	0
156863	10568	210	214	0
156864	10662	210	204	0
156865	10744	208	194	0
156866	10828	207	188	0
156867	10893	206	178	0
156868	11024	206	175	0
156869	11085	204	158	0
156870	11182	204	154	0
156871	11297	204	143	0
156872	11410	202	131	0
156873	11526	202	121	0
156874	11620	200	112	0
156875	11656	200	109	0
156876	11758	200	106	0
156877	11821	199	91	0
156878	11885	199	87	0
156879	11985	199	83	0
156880	12061	198	78	0
156881	12158	198	73	0
156882	12262	199	64	0
156883	12382	200	53	0
156884	12460	202	42	0
156885	12535	202	40	0
156886	12614	203	38	0
156887	12707	202	41	0
156888	12778	202	42	0
156889	12855	201	43	0
156890	12929	200	43	0
156891	12990	201	45	0
156892	13055	201	45	0
156893	13119	200	45	0
156894	13184	200	46	0
156895	13287	200	46	0
156896	13351	200	48	0
156897	13422	200	48	0
156898	13524	198	50	0
156899	13615	198	52	0
156900	13688	196	56	0
156901	13789	195	57	0
156902	13854	195	65	0
156903	13918	195	66	0
156904	13984	197	72	0
156905	14056	197	74	0
156906	14164	198	78	0
156907	14254	200	85	0
156908	14318	202	90	0
156909	14412	203	94	0
156910	14478	205	102	0
156911	14525	206	107	0
156912	14623	207	111	0
156913	14726	210	118	0
156914	14812	213	127	0
156915	14881	216	134	0
156916	14995	217	138	0
156917	15085	221	150	0
156918	15183	223	157	0
156919	15284	226	166	0
156920	15402	230	178	0
156921	15488	232	183	0
156922	15581	236	195	0
156923	15654	238	201	0
156924	15731	240	209	0
156925	15825	242	215	0
156926	15917	244	224	0
156927	15981	245	231	0
156928	16052	246	235	0
156929	16138	248	243	0
156930	16231	250	250	0
156931	16357	252	258	0
156932	16451	253	268	0
156933	16543	255	276	0
156934	16616	257	283	0
156935	16662	257	285	0
156936	16727	259	296	0
156937	16816	260	301	0
156938	16910	263	311	0
156939	17016	264	316	0
156940	17086	266	326	0
156941	17150	267	332	0
156942	17245	267	335	0
156943	17347	270	337	0
156944	17459	271	335	0
156945	17556	273	333	0
156946	17628	276	333	0
156947	17709	278	333	0
156948	17774	282	335	0
156949	17824	284	337	0
156950	17918	286	338	0
156951	17982	289	341	0
156952	18050	290	342	0
156953	18129	294	348	0
156954	18220	296	353	0
156955	18284	298	357	0
156956	18369	299	364	0
156957	18446	299	366	0
156958	18521	299	372	0
156959	18608	298	377	0
156960	18681	298	383	0
156961	18755	297	385	0
156962	18850	298	387	0
156963	18912	298	389	0
156964	18984	298	390	0
156965	19080	298	390	0
156966	19142	298	389	0
156967	19245	299	389	0
156968	19341	299	388	0
156969	19409	300	387	0
156970	19492	300	386	0
156971	19583	300	386	0
156972	19647	301	385	0
156973	19743	302	384	0
156974	19853	304	384	0
156975	19914	304	384	0
156976	19984	305	384	0
156977	20078	305	384	0
156978	20146	305	384	0
156979	20214	306	384	0
156980	20319	306	384	0
156981	20416	306	384	0
156982	20478	304	385	0
156983	20543	303	385	0
156984	20605	303	385	0
156985	20674	302	385	0
156986	20714	302	385	0
156987	20787	302	385	0
156988	20877	301	386	0
156989	20943	300	387	0
156990	21071	300	388	0
156991	21121	299	389	0
156992	21189	299	390	0
156993	21273	299	391	0
156994	21343	299	392	0
156995	21411	297	393	0
156996	21469	295	397	0
156997	21545	295	397	0
156998	21630	294	400	0
156999	21709	292	405	0
157000	21808	291	409	0
157001	21901	290	413	0
157002	21986	290	417	0
157003	22143	289	419	0
157004	22224	288	422	0
157005	22393	288	422	0
157006	22453	288	422	0
157007	22544	288	422	0
157008	22674	288	422	0
157009	22818	288	421	0
157010	22910	288	420	0
157011	22992	288	419	0
157012	23088	288	418	0
157013	23148	288	417	0
157014	23215	288	416	0
157015	23311	289	416	0
157016	23456	289	415	0
157017	23546	289	413	0
157018	23635	288	410	0
157019	23732	286	405	0
157020	23807	286	402	0
157021	23876	285	399	0
157022	23981	285	397	0
157023	24053	283	393	0
157024	24119	282	389	0
157025	24215	281	386	0
157026	24310	280	381	0
157027	24412	278	375	0
157028	24540	277	368	0
157029	24606	274	361	0
157030	24679	272	354	0
157031	24738	270	349	0
157032	24811	268	343	0
157033	24909	266	339	0
157034	24976	264	336	0
157035	25048	260	330	0
157036	25139	258	326	0
157037	25206	257	324	0
157038	25271	257	322	0
157039	25313	254	317	0
157040	25408	253	315	0
157041	25502	253	312	0
157042	25564	249	303	0
157043	25625	248	301	0
157044	25721	246	296	0
157045	25805	244	290	0
157046	25938	240	285	0
157047	26040	238	280	0
157048	26112	235	276	0
157049	26268	233	271	0
157050	26334	230	262	0
157051	26430	228	255	0
157052	26474	227	250	0
157053	26575	226	247	0
157054	26638	223	236	0
157055	26729	222	231	0
157056	26832	220	224	0
157057	26945	216	215	0
157058	27017	216	210	0
157059	27105	212	202	0
157060	27197	210	194	0
157061	27280	208	186	0
157062	27375	206	181	0
157063	27455	204	172	0
157064	27518	203	167	0
157065	27577	201	162	0
157066	27712	200	156	0
157067	27842	199	150	0
157068	27943	197	138	0
157069	28019	197	131	0
157070	28116	197	123	0
157071	28206	197	118	0
157072	28280	197	111	0
157073	28399	197	106	0
157074	28505	197	100	0
157075	28576	196	90	0
157076	28709	195	86	0
157077	28767	193	73	0
157078	28833	192	69	0
157079	28946	192	63	0
157080	29015	191	55	0
157081	29105	191	50	0
157082	29185	189	45	0
157083	29271	188	41	0
157084	29414	189	42	0
157085	29479	189	45	0
157086	29557	188	45	0
157087	29691	189	48	0
157088	29769	189	50	0
157089	29827	189	51	0
157090	29895	189	51	0
157091	29973	189	53	0
157092	30062	189	54	0
157093	30144	189	55	0
157094	30225	187	57	0
157095	30306	187	60	0
157096	30365	186	64	0
157097	30465	185	67	0
157098	30566	186	68	0
157099	30638	184	77	0
157100	30699	184	81	0
157101	30770	184	87	0
157102	30862	185	90	0
157103	30928	186	94	0
157104	30988	187	99	0
157105	31049	189	102	0
157106	31133	190	106	0
157107	31198	192	114	0
157108	31260	192	116	0
157109	31333	195	125	0
157110	31433	196	130	0
157111	31479	197	137	0
157112	31556	200	143	0
157113	31593	201	148	0
157114	31660	203	154	0
157115	31725	205	159	0
157116	31789	208	166	0
157117	31837	209	169	0
157118	31902	211	174	0
157119	31999	213	180	0
157120	32071	217	190	0
157121	32196	219	196	0
157122	32268	223	208	0
157123	32345	225	215	0
157124	32430	228	220	0
157125	32557	229	225	0
157126	32630	236	239	0
157127	32703	237	241	0
157128	32803	240	248	0
157129	32894	245	259	0
157130	32986	248	267	0
157131	33065	249	273	0
157132	33145	250	277	0
157133	33236	251	283	0
157134	33326	253	291	0
157135	33396	254	298	0
157136	33548	255	304	0
157137	33668	258	314	0
157138	33757	261	324	0
157139	33834	264	334	0
157140	33893	265	341	0
157141	34001	265	343	0
157142	34094	267	356	0
157143	34161	270	365	0
157144	34256	271	371	0
157145	34309	273	379	0
157146	34401	273	382	0
157147	34525	275	388	0
157148	34621	278	397	0
157149	34701	279	397	0
157150	34802	279	398	0
157151	34895	281	397	0
157152	34978	281	396	0
157153	35063	283	397	0
157154	35139	285	397	0
157155	35271	284	397	0
157156	35358	284	397	0
157157	35455	284	397	0
157158	35529	284	397	0
157159	35598	285	397	0
157160	35662	285	397	0
157161	35747	285	397	0
157162	35822	285	397	0
157163	35930	283	397	0
157164	36038	283	398	0
157165	36135	282	397	0
157166	36225	281	398	0
157167	36302	281	398	0
157168	36398	281	397	0
157169	36495	280	397	0
157170	36557	279	398	0
157171	36622	278	399	0
157172	36737	279	399	0
157173	36818	277	402	0
157174	36969	276	405	0
157175	37044	274	412	0
157176	37118	274	416	0
157177	37165	273	418	0
157178	37237	274	418	0
157179	37327	273	421	0
157180	37395	274	423	0
157181	37496	273	424	0
157182	37572	273	424	0
157183	37664	273	424	0
157184	37764	273	424	0
157185	37896	274	421	0
157186	37993	274	418	0
157187	38066	274	418	0
157188	38158	274	417	0
157189	38224	274	416	0
157190	38322	273	415	0
157191	38391	273	412	0
157192	38465	274	410	0
157193	38654	275	406	0
157194	38720	275	402	0
157195	38836	274	398	0
157196	38926	274	391	0
157197	38990	274	388	0
157198	39072	274	384	0
157199	39187	273	378	0
157200	39236	273	369	0
157201	39305	273	367	0
157202	39394	272	361	0
157203	39472	272	357	0
157204	39581	271	349	0
157205	39688	270	341	0
157206	39790	268	333	0
157207	39855	266	321	0
157208	39928	266	316	0
157209	40048	264	311	0
157210	40134	262	302	0
157211	40255	261	293	0
157212	40353	259	285	0
157213	40429	257	273	0
157214	40524	256	268	0
157215	40589	255	261	0
157216	40654	254	256	0
157217	40719	253	248	0
157218	40789	252	243	0
157219	40936	250	238	0
157220	41022	249	227	0
157221	41087	248	222	0
157222	41245	246	213	0
157223	41293	244	199	0
157224	41455	243	196	0
157225	41519	242	184	0
157226	41583	242	175	0
157227	41663	241	169	0
157228	41737	240	163	0
157229	41798	239	157	0
157230	41890	239	151	0
157231	41982	238	146	0
157232	42070	236	134	0
157233	42142	236	130	0
157234	42229	235	123	0
157235	42319	233	115	0
157236	42437	232	110	0
157237	42499	230	96	0
157238	42580	230	94	0
157239	42652	228	86	0
157240	42727	228	84	0
157241	42823	228	82	0
157242	42898	226	75	0
157243	42998	225	71	0
157244	43088	224	69	0
157245	43185	224	69	0
157246	43287	224	69	0
157247	43399	224	71	0
157248	43465	224	73	0
157249	43551	224	74	0
157250	43621	223	75	0
157251	43717	221	76	0
157252	43793	219	79	0
157253	43905	218	81	0
157254	44015	217	83	0
157255	44108	213	87	0
157256	44153	213	90	0
157257	44229	213	92	0
157258	44318	212	97	0
157259	44413	211	104	0
157260	44495	211	112	0
157261	44548	210	117	0
157262	44627	210	122	0
157263	44793	211	123	0
157264	44876	211	139	0
157265	44983	213	147	0
157266	45055	214	155	0
157267	45152	215	161	0
157268	45245	217	170	0
157269	45354	218	175	0
157270	45450	222	186	0
157271	45504	223	191	0
157272	45592	225	197	0
157273	45686	227	205	0
157274	45820	230	214	0
157275	45885	233	223	0
157276	45949	236	231	0
157277	46031	238	236	0
157278	46113	240	243	0
157279	46220	243	252	0
157280	46291	245	261	0
157281	46393	246	267	0
157282	46453	249	275	0
157283	46521	250	280	0
157284	46615	253	286	0
157285	46695	253	288	0
157286	46781	256	300	0
157287	46877	258	307	0
157288	46973	261	319	0
157289	47054	263	324	0
157290	47149	265	334	0
157291	47217	267	342	0
157292	47278	268	348	0
157293	47342	268	353	0
157294	47426	269	356	0
157295	47520	271	364	0
157296	47634	272	369	0
157297	47784	273	377	0
157298	47916	274	390	0
157299	48014	276	396	0
157300	48107	277	398	0
157301	48207	277	398	0
157302	48283	277	397	0
157303	48383	277	397	0
157304	48446	277	396	0
157305	48541	277	395	0
157306	48604	278	396	0
157307	48666	278	396	0
157308	48748	278	396	0
157309	48823	278	396	0
157310	48963	278	396	0
157311	49037	278	396	0
157312	49084	278	395	0
157313	49160	278	395	0
157314	49247	277	396	0
157315	49345	276	398	0
157316	49440	275	401	0
157317	49555	275	401	0
157318	49645	274	402	0
157319	49709	274	402	0
157320	49826	274	402	0
157321	49915	273	403	0
157322	49991	273	404	0
157323	50085	271	409	0
157324	50150	271	411	0
157325	50228	270	416	0
157326	50290	269	420	0
157327	50390	268	422	0
157328	50481	268	426	0
157329	50584	267	431	0
157330	50679	267	433	0
157331	50744	267	433	0
157332	50823	267	432	0
157333	50911	267	431	0
157334	50984	267	430	0
157335	51071	266	429	0
157336	51145	266	427	0
157337	51212	266	426	0
157338	51308	266	425	0
157339	51372	266	424	0
157340	51504	266	421	0
157341	51609	266	417	0
157342	51652	266	412	0
157343	51741	266	409	0
157344	51837	266	403	0
157345	51934	265	398	0
157346	52011	265	392	0
157347	52111	264	390	0
157348	52205	264	384	0
157349	52303	264	377	0
157350	52363	263	371	0
157351	52445	262	365	0
157352	52520	262	361	0
157353	52627	261	356	0
157354	52701	258	345	0
157355	52769	258	339	0
157356	52877	257	334	0
157357	52977	255	327	0
157358	53077	253	319	0
157359	53168	252	312	0
157360	53245	250	307	0
157361	53319	250	307	0
157362	53393	250	307	0
157363	53470	250	307	0
157364	53546	249	306	0
157365	53619	247	305	0
157366	53745	246	305	0
157367	53813	243	304	0
157368	53902	241	302	0
157369	53997	238	299	0
157370	54067	237	296	0
157371	54142	236	295	0
157372	54208	235	292	0
157373	54302	235	288	0
157374	54371	234	288	0
157375	54442	234	284	0
157376	54529	233	284	0
157377	54640	233	282	0
157378	54741	233	280	0
157379	54845	232	277	0
157380	54913	232	277	0
157381	55005	232	277	0
157382	55074	231	275	0
157383	55167	230	273	0
157384	55254	228	268	0
157385	55342	227	266	0
157386	55470	226	264	0
157387	55533	225	259	0
157388	55597	224	256	0
157389	55713	222	252	0
157390	55792	222	252	0
157391	55884	221	250	0
157392	56019	221	248	0
157393	56133	219	244	0
157394	56172	218	242	0
157395	56271	217	242	0
157396	56336	217	242	0
157397	56408	216	241	0
157398	56466	215	241	0
157399	56540	215	242	0
157400	56668	215	243	0
157401	56735	217	245	0
157402	56797	217	246	0
157403	56863	217	247	0
157404	56935	217	248	0
157405	57039	217	248	0
157406	57108	217	250	0
157407	57165	216	253	0
157408	57231	215	255	0
157409	57338	214	257	0
157410	57408	213	260	0
157411	57508	213	265	0
157412	57602	213	271	0
157413	57707	213	275	0
157414	57800	213	279	0
157415	57843	213	287	0
157416	57911	214	292	0
157417	58014	215	296	0
157418	58097	216	303	0
157419	58169	218	309	0
157420	58236	219	312	0
157421	58301	220	315	0
157422	58359	222	321	0
157423	58431	223	325	0
157424	58494	225	329	0
157425	58570	226	333	0
157426	58637	226	336	0
157427	58734	228	342	0
157428	58834	231	346	0
157429	58912	233	355	0
157430	59033	235	359	0
157431	59105	237	366	0
157432	59177	239	370	0
157433	59262	241	378	0
157434	59357	243	383	0
157435	59480	245	391	0
157436	59566	245	396	0
157437	59630	245	398	0
157438	59696	245	400	0
157439	59759	245	401	0
157440	59870	245	401	0
157441	59947	245	401	0
157442	60062	245	401	0
157443	60125	245	401	0
157444	60206	245	401	0
157445	60263	245	401	0
157446	60332	244	401	0
157447	60453	243	401	0
157448	60556	243	400	0
157449	60621	241	400	0
157450	60664	240	401	0
157451	60710	240	400	0
157452	60799	239	401	0
157453	60860	239	400	0
157454	60956	239	400	0
157455	61039	239	400	0
157456	61109	238	401	0
157457	61201	238	401	0
157458	61299	238	401	0
157459	61393	238	401	0
157460	61498	238	400	0
157461	61567	238	400	0
157462	61650	238	399	0
157463	61759	238	398	0
157464	61832	238	396	0
157465	61934	238	395	0
157466	62007	238	395	0
157467	62131	234	390	0
157468	62222	231	386	0
157469	62297	229	383	0
157470	62368	229	382	0
157471	62440	228	378	0
157472	62533	227	373	0
157473	62624	225	367	0
157474	62695	222	360	0
157475	62801	221	356	0
157476	62893	218	348	0
157477	62994	217	342	0
157478	63059	215	337	0
157479	63143	214	332	0
157480	63271	212	325	0
157481	63366	211	316	0
157482	63468	210	308	0
157483	63525	207	300	0
157484	63597	207	296	0
157485	63665	206	291	0
157486	63760	206	287	0
157487	63854	205	280	0
157488	63925	205	272	0
157489	63971	204	269	0
157490	64034	204	264	0
157491	64135	204	258	0
157492	64256	203	250	0
157493	64336	201	239	0
157494	64432	200	232	0
157495	64514	200	224	0
157496	64597	200	219	0
157497	64704	199	213	0
157498	64791	198	200	0
157499	64839	197	191	0
157500	64946	197	188	0
157501	65021	195	179	0
157502	65094	195	174	0
157503	65170	193	168	0
157504	65265	192	160	0
157505	65360	191	152	0
157506	65453	191	144	0
157507	65529	190	139	0
157508	65604	190	131	0
157509	65693	189	127	0
157510	65759	188	121	0
157511	65876	187	114	0
157512	65996	185	104	0
157513	66093	184	100	0
157514	66164	182	94	0
157515	66253	181	90	0
157516	66354	179	86	0
157517	66464	178	82	0
157518	66525	175	74	0
157519	66623	174	70	0
157520	66717	173	63	0
157521	66796	173	57	0
157522	66867	173	55	0
157523	66990	173	54	0
157524	67063	173	47	0
157525	67191	174	49	0
157526	67289	174	52	0
157527	67431	174	52	0
157528	67520	175	54	0
157529	67624	176	55	0
157530	67695	176	55	0
157531	67768	176	56	0
157532	67839	176	57	0
157533	67938	176	58	0
157534	68065	176	59	0
157535	68140	176	63	0
157536	68254	175	65	0
157537	68319	175	67	0
157538	68459	175	70	0
157539	68653	176	75	0
157540	68718	179	85	0
157541	68783	180	90	0
157542	68926	180	92	0
157543	69021	182	98	0
157544	69088	183	102	0
157545	69185	185	109	0
157546	69298	187	115	0
157547	69426	188	119	0
157548	69528	191	130	0
157549	69615	192	137	0
157550	69721	194	143	0
157551	69791	195	151	0
157552	69887	197	156	0
157553	69950	199	163	0
157554	70013	200	169	0
157555	70068	200	171	0
157556	70158	200	175	0
157557	70254	201	181	0
157558	70319	204	191	0
157559	70423	205	196	0
157560	70559	206	203	0
157561	70661	208	212	0
157562	70754	210	220	0
157563	70849	211	225	0
157564	70951	213	229	0
157565	71057	215	235	0
157566	71150	219	244	0
157567	71248	221	251	0
157568	71357	224	259	0
157569	71541	225	266	0
157570	71602	229	279	0
157571	71663	230	281	0
157572	71715	232	286	0
157573	71758	233	290	0
157574	71863	233	293	0
157575	71980	235	300	0
157576	72046	237	307	0
157577	72149	238	309	0
157578	72211	240	315	0
157579	72285	241	320	0
157580	72383	242	323	0
157581	72455	245	331	0
157582	72509	245	333	0
157583	72618	246	341	0
157584	72664	246	346	0
157585	72761	247	351	0
157586	72854	248	357	0
157587	72944	249	364	0
157588	72994	250	372	0
157589	73090	251	374	0
157590	73168	252	379	0
157591	73245	253	386	0
157592	73360	253	391	0
157593	73455	254	397	0
157594	73553	255	401	0
157595	73613	255	401	0
157596	73679	255	401	0
157597	73765	255	401	0
157598	73849	255	401	0
157599	73918	255	401	0
157600	74067	255	399	0
157601	74131	255	398	0
157602	74220	255	398	0
157603	74292	254	398	0
157604	74398	254	398	0
157605	74446	254	397	0
157606	74486	254	398	0
157607	74626	254	397	0
157608	74718	254	397	0
157609	74782	254	397	0
157610	74837	253	397	0
157611	74918	252	397	0
157612	75019	252	398	0
157613	75118	251	399	0
157614	75213	250	399	0
157615	75318	249	400	0
157616	75414	248	401	0
157617	75493	247	401	0
157618	75572	247	402	0
157619	75648	247	401	0
157620	75710	247	402	0
157621	75783	247	402	0
157622	75852	247	401	0
157623	75957	247	402	0
157624	76036	247	401	0
157625	76111	247	401	0
157626	76206	247	401	0
157627	76262	246	401	0
157628	76350	246	402	0
157629	76454	246	402	0
157630	76544	246	402	0
157631	76613	246	402	0
157632	76691	246	402	0
157633	76787	246	402	0
157634	76846	246	402	0
157635	76908	246	402	0
157636	76975	246	402	0
157637	77037	246	402	0
157638	77085	246	402	0
157639	77162	246	402	0
157640	77219	246	401	0
157641	77285	247	401	0
157642	77407	246	402	0
157643	77477	246	402	0
157644	77543	246	402	0
157645	77582	246	402	0
157646	77650	246	402	0
157647	77772	246	402	0
157648	77821	246	402	0
157649	77911	246	402	0
157650	77981	246	402	0
157651	78078	246	402	0
157652	78172	246	402	0
157653	78276	246	402	0
157654	78350	246	402	0
157655	78511	246	402	0
157656	78597	246	402	0
157657	78673	246	402	0
157658	78775	246	401	0
157659	78823	246	401	0
157660	78911	246	402	0
157661	78977	246	402	0
157662	79074	246	402	0
157663	79134	246	401	0
157664	79186	246	401	0
157665	79311	246	401	0
157666	79408	246	401	0
157667	79473	246	401	0
157668	79562	246	401	0
157669	79647	246	401	0
157670	79740	246	401	0
157671	79806	246	401	0
157672	79868	246	401	0
157673	79947	246	401	0
157674	80017	246	401	0
157675	80146	246	401	0
157676	80246	246	401	0
157677	80379	246	401	0
157678	80479	246	401	0
157679	80574	246	401	0
157680	80639	246	401	0
157681	80702	246	401	0
157682	80767	246	401	0
157683	80812	246	401	0
157684	80882	246	401	0
157685	80945	246	401	0
157686	81006	246	401	0
157687	81135	246	401	0
157688	81212	246	401	0
157689	81280	246	401	0
157690	81351	246	401	0
157691	81502	246	401	0
157692	81566	246	401	0
157693	81643	247	401	0
157694	81705	246	402	0
157695	81772	246	401	0
157696	81844	246	400	0
157697	81937	246	400	0
157698	82016	246	398	0
157699	82109	246	397	0
157700	82205	246	396	0
157701	82300	242	392	0
157702	82372	241	390	0
157703	82441	241	389	0
157704	82505	240	386	0
157705	82576	240	385	0
157706	82636	239	381	0
157707	82703	239	381	0
157708	82786	239	381	0
157709	82851	239	381	0
157710	82942	239	381	0
157711	83038	239	381	0
157712	83134	239	380	0
157713	83197	239	377	0
157714	83261	238	374	0
157715	83383	237	370	0
157716	83470	236	365	0
157717	83537	233	356	0
157718	83629	232	352	0
157719	83673	231	347	0
157720	83734	230	344	0
157721	83793	229	339	0
157722	83871	226	334	0
157723	83966	224	328	0
157724	84065	220	320	0
157725	84135	218	312	0
157726	84183	217	310	0
157727	84236	216	305	0
157728	84302	215	301	0
157729	84385	214	296	0
157730	84471	212	293	0
157731	84542	211	285	0
157732	84639	210	283	0
157733	84706	208	275	0
157734	84774	207	273	0
157735	84879	205	265	0
157736	85016	204	257	0
157737	85140	202	247	0
157738	85238	199	236	0
157739	85337	197	231	0
157740	85407	195	224	0
157741	85478	193	218	0
157742	85565	192	210	0
157743	85637	191	202	0
157744	85695	190	196	0
157745	85780	189	193	0
157746	85879	187	184	0
157747	85972	185	177	0
157748	86066	184	171	0
157749	86206	183	162	0
157750	86302	180	152	0
157751	86374	179	147	0
157752	86460	179	143	0
157753	86547	181	139	0
157754	86644	183	135	0
157755	86765	186	127	0
157756	86861	189	121	0
157757	86924	194	109	0
157758	86975	196	104	0
157759	87040	197	102	0
157760	87133	198	99	0
157761	87198	199	94	0
157762	87261	200	91	0
157763	87344	201	87	0
157764	87443	202	82	0
157765	87573	204	75	0
157766	87642	205	71	0
157767	87726	206	62	0
157768	87837	206	57	0
157769	87911	207	49	0
157770	88021	208	45	0
157771	88095	209	37	0
157772	88174	209	36	0
157773	88273	209	38	0
157774	88368	209	38	0
157775	88495	209	40	0
157776	88559	209	42	0
157777	88635	209	44	0
157778	88704	209	44	0
157779	88776	209	45	0
157780	88862	209	46	0
157781	88922	209	47	0
157782	89007	209	48	0
157783	89103	209	49	0
157784	89208	209	50	0
157785	89298	209	52	0
157786	89437	206	55	0
157787	89535	206	59	0
157788	89608	204	63	0
157789	89683	203	66	0
157790	89789	202	70	0
157791	89843	202	77	0
157792	89938	202	78	0
157793	90003	202	85	0
157794	90093	203	90	0
157795	90158	204	95	0
157796	90220	205	99	0
157797	90268	205	103	0
157798	90367	205	106	0
157799	90493	206	112	0
157800	90563	207	122	0
157801	90663	208	126	0
157802	90739	209	132	0
157803	90807	211	140	0
157804	90902	212	146	0
157805	90993	214	154	0
157806	91099	216	162	0
157807	91169	218	167	0
157808	91367	220	176	0
157809	91430	223	191	0
157810	91541	224	196	0
157811	91628	226	207	0
157812	91699	228	212	0
157813	91794	230	218	0
157814	91874	233	227	0
157815	91939	234	235	0
157816	92009	236	240	0
157817	92069	237	246	0
157818	92157	238	252	0
157819	92223	239	257	0
157820	92303	241	263	0
157821	92402	241	268	0
157822	92462	243	268	0
157823	92525	244	269	0
157824	92590	247	272	0
157825	92659	250	275	0
157826	92765	253	277	0
157827	92817	254	279	0
157828	92926	256	281	0
157829	92991	260	284	0
157830	93085	264	288	0
157831	93168	266	291	0
157832	93262	269	296	0
157833	93365	272	301	0
157834	93454	275	308	0
157835	93560	280	317	0
157836	93661	281	320	0
157837	93731	284	330	0
157838	93800	286	333	0
157839	93885	286	335	0
157840	93949	287	338	0
157841	94032	287	339	0
157842	94101	289	341	0
157843	94196	290	341	0
157844	94287	293	340	0
157845	94363	296	340	0
157846	94463	298	340	0
157847	94585	300	341	0
157848	94653	302	339	0
157849	94718	303	340	0
157850	94863	305	339	0
157851	94974	308	338	0
157852	95085	314	340	0
157853	95157	319	344	0
157854	95233	323	348	0
157855	95294	324	351	0
157856	95359	324	353	0
157857	95491	324	357	0
157858	95581	324	362	0
157859	95660	325	367	0
157860	95759	325	369	0
157861	95841	326	374	0
157862	95918	326	380	0
157863	95981	327	386	0
157864	96102	327	390	0
157865	96233	327	394	0
157866	96299	327	398	0
157867	96400	327	401	0
157868	96491	327	401	0
157869	96567	327	401	0
157870	96653	327	401	0
157871	96718	327	401	0
157872	96823	327	401	0
157873	96900	327	401	0
157874	96966	327	401	0
157875	97056	327	401	0
157876	97151	326	401	0
157877	97247	325	402	0
157878	97316	324	403	0
157879	97419	321	405	0
157880	97486	319	409	0
157881	97548	319	409	0
157882	97614	318	410	0
157883	97678	316	412	0
157884	97762	315	413	0
157885	97842	314	416	0
157886	97919	312	418	0
157887	97981	309	424	0
157888	98045	308	425	0
157889	98091	307	428	0
157890	98179	306	431	0
157891	98326	304	437	0
157892	98416	302	444	0
157893	98497	303	447	0
157894	98623	301	452	0
157895	98685	300	451	0
157896	98782	301	449	0
157897	98877	302	447	0
157898	98929	302	446	0
157899	99023	302	445	0
157900	99091	302	444	0
157901	99185	302	442	0
157902	99287	302	442	0
157903	99359	303	440	0
157904	99483	303	439	0
157905	99582	303	438	0
157906	99664	302	437	0
157907	99757	302	435	0
157908	99856	301	433	0
157909	99949	301	431	0
157910	100044	301	431	0
157911	100111	301	431	0
157912	100157	301	431	0
157913	100220	301	431	0
157914	100296	300	430	0
157915	100414	300	430	0
157916	100509	300	430	0
157917	100553	301	430	0
157918	100622	301	430	0
157919	100756	301	431	0
157920	100845	301	430	0
157921	100986	301	430	0
157922	101054	301	431	0
157923	101151	301	430	0
157924	101245	301	430	0
157925	101345	301	430	0
157926	101418	301	430	0
157927	101521	301	429	0
157928	101595	301	429	0
157929	101709	301	429	0
157930	101785	301	429	0
157931	101855	301	429	0
157932	101918	301	429	0
157933	102051	301	429	0
157934	102131	301	429	0
157935	102215	301	429	0
157936	102286	301	429	0
157937	102381	301	428	0
157938	102445	301	429	0
157939	102512	301	428	0
157940	102590	301	428	0
157941	102686	301	428	0
157942	102752	301	428	0
157943	102813	301	428	0
157944	102879	301	428	0
157945	102975	301	428	0
157946	103013	301	429	0
157947	103086	301	429	0
157948	103182	301	428	0
157949	103311	301	428	0
157950	103484	301	428	0
157951	103582	301	428	0
157952	103646	301	428	0
157953	103725	301	428	0
157954	103773	301	428	0
157955	103815	301	428	0
157956	103886	301	428	0
157957	103989	301	427	0
157958	104113	301	426	0
157959	104174	301	424	0
157960	104240	300	421	0
157961	104383	300	418	0
157962	104484	301	412	0
157963	104575	301	411	0
157964	104677	303	411	0
157965	104784	304	410	0
157966	104889	306	408	0
157967	104975	307	409	0
157968	105037	308	408	0
157969	105088	309	407	0
157970	105173	310	407	0
157971	105277	312	406	0
157972	105348	313	405	0
157973	105437	314	405	0
157974	105522	315	403	0
157975	105621	317	402	0
157976	105740	318	399	0
157977	105812	321	393	0
157978	105897	323	389	0
157979	105957	324	382	0
157980	106040	324	377	0
157981	106111	324	369	0
157982	106238	324	365	0
157983	106316	323	356	0
157984	106402	324	354	0
157985	106526	323	347	0
157986	106615	322	339	0
157987	106707	322	335	0
157988	106780	321	328	0
157989	106848	321	324	0
157990	106941	320	319	0
157991	107009	317	308	0
157992	107075	316	303	0
157993	107178	314	296	0
157994	107247	313	291	0
157995	107381	311	286	0
157996	107502	307	274	0
157997	107582	304	267	0
157998	107656	302	260	0
157999	107748	301	256	0
158000	107829	298	248	0
158001	107902	295	240	0
158002	107983	294	238	0
158003	108079	293	234	0
158004	108191	291	227	0
158005	108291	289	220	0
158006	108414	287	215	0
158007	108489	285	203	0
158008	108579	284	195	0
158009	108639	282	189	0
158010	108745	282	187	0
158011	108812	281	176	0
158012	108880	280	172	0
158013	108951	280	170	0
158014	109015	278	161	0
158015	109102	278	156	0
158016	109166	277	148	0
158017	109214	275	143	0
158018	109278	275	140	0
158019	109373	275	135	0
158020	109468	273	130	0
158021	109566	272	119	0
158022	109643	272	111	0
158023	109719	271	107	0
158024	109809	271	103	0
158025	109880	270	99	0
158026	109969	268	94	0
158027	110047	265	87	0
158028	110142	265	84	0
158029	110206	264	82	0
158030	110301	262	78	0
158031	110365	259	71	0
158032	110447	258	66	0
158033	110596	257	62	0
158034	110668	254	50	0
158035	110739	254	48	0
158036	110803	253	42	0
158037	110920	252	40	0
158038	111009	250	36	0
158039	111107	248	31	0
158040	111200	249	34	0
158041	111280	249	35	0
158042	111364	249	36	0
158043	111436	249	37	0
158044	111502	249	38	0
158045	111596	249	39	0
158046	111673	249	40	0
158047	111742	246	41	0
158048	111805	246	42	0
158049	111903	245	44	0
158050	111965	243	46	0
158051	112032	243	47	0
158052	112111	241	49	0
158053	112182	241	51	0
158054	112241	240	53	0
158055	112325	239	57	0
158056	112399	238	61	0
158057	112464	239	62	0
158058	112543	238	67	0
158059	112643	237	69	0
158060	112734	238	71	0
158061	112831	238	75	0
158062	112908	238	78	0
158063	112972	236	85	0
158064	113071	236	90	0
158065	113183	236	94	0
158066	113304	236	100	0
158067	113383	236	106	0
158068	113502	238	116	0
158069	113566	239	124	0
158070	113631	239	130	0
158071	113711	241	137	0
158072	113816	242	142	0
158073	113906	243	150	0
158074	113998	244	159	0
158075	114063	245	164	0
158076	114169	245	170	0
158077	114228	246	178	0
158078	114332	247	184	0
158079	114409	248	192	0
158080	114508	249	197	0
158081	114601	251	204	0
158082	114671	253	212	0
158083	114727	254	220	0
158084	114782	255	226	0
158085	114899	255	228	0
158086	115004	257	238	0
158087	115136	258	243	0
158088	115198	260	252	0
158089	115301	262	259	0
158090	115407	264	267	0
158091	115533	265	275	0
158092	115669	267	282	0
158093	115760	269	296	0
158094	115836	270	304	0
158095	115935	272	309	0
158096	116005	272	317	0
158097	116093	273	323	0
158098	116161	274	332	0
158099	116238	275	337	0
158100	116334	275	343	0
158101	116410	276	348	0
158102	116515	277	356	0
158103	116578	278	363	0
158104	116669	279	369	0
158105	116748	279	375	0
158106	116928	280	383	0
158107	117040	281	397	0
158108	117136	281	398	0
158109	117231	281	398	0
158110	117297	281	398	0
158111	117392	281	398	0
158112	117476	283	398	0
158113	117571	284	399	0
158114	117640	285	400	0
158115	117733	287	403	0
158116	117840	288	406	0
158117	117937	289	410	0
158118	118005	289	413	0
158119	118085	288	416	0
158120	118158	287	419	0
158121	118235	287	422	0
158122	118335	286	426	0
158123	118428	285	431	0
158124	118527	285	436	0
158125	118591	284	441	0
158126	118665	284	445	0
158127	118703	284	447	0
158128	118771	284	451	0
158129	118863	283	454	0
158130	118956	284	457	0
158131	119019	284	453	0
158132	119083	284	451	0
158133	119208	284	450	0
158134	119305	284	447	0
158135	119399	285	446	0
158136	119499	285	445	0
158137	119601	285	444	0
158138	119695	285	441	0
158139	119822	285	438	0
158140	119885	285	434	0
158141	119956	285	432	0
158142	120030	286	429	0
158143	120126	286	426	0
158144	120223	286	423	0
158145	120331	287	422	0
158146	120401	288	420	0
158147	120468	289	417	0
158148	120558	290	414	0
158149	120654	291	414	0
158150	120731	292	414	0
158151	120861	293	414	0
158152	121031	294	414	0
158153	121131	298	410	0
158154	121230	300	409	0
158155	121292	300	409	0
158156	121358	300	409	0
158157	121519	300	409	0
158158	121567	301	409	0
158159	121672	301	409	0
158160	121758	301	408	0
158161	121840	302	408	0
158162	121923	303	408	0
158163	121990	304	408	0
158164	122032	304	410	0
158165	122094	304	410	0
158166	122164	304	411	0
158167	122253	304	411	0
158168	122358	305	412	0
158169	122471	305	414	0
158170	122599	306	417	0
158171	122684	307	418	0
158172	122762	307	418	0
158173	122846	308	419	0
158174	122903	307	419	0
158175	123021	307	420	0
158176	123118	307	424	0
158177	123197	307	427	0
158178	123272	308	429	0
158179	123359	308	430	0
158180	123453	308	430	0
158181	123549	308	431	0
158182	123626	308	433	0
158183	123693	308	435	0
158184	123760	308	437	0
158185	123855	310	443	0
158186	123928	312	447	0
158187	124002	312	450	0
158188	124130	312	450	0
158189	124193	311	446	0
158190	124329	311	446	0
158191	124425	311	446	0
158192	124505	311	446	0
158193	124590	311	445	0
158194	124750	311	445	0
158195	124815	311	445	0
158196	124860	312	446	0
158197	124950	313	448	0
158198	125026	313	447	0
158199	125160	314	447	0
158200	125257	314	444	0
158201	125362	314	444	0
158202	125455	314	440	0
158203	125559	314	438	0
158204	125660	316	435	0
158205	125789	317	432	0
158206	125858	318	430	0
158207	125966	318	430	0
158208	126090	318	429	0
158209	126159	319	429	0
158210	126253	319	429	0
158211	126419	319	428	0
158212	126564	319	428	0
158213	126659	319	427	0
158214	126750	319	427	0
158215	126823	319	427	0
158216	126924	319	427	0
158217	127054	319	426	0
158218	127118	319	426	0
158219	127215	319	425	0
158220	127293	319	422	0
158221	127394	319	418	0
158222	127458	319	413	0
158223	127555	319	411	0
158224	127650	319	406	0
158225	127762	320	401	0
158226	127839	320	399	0
158227	128014	320	399	0
158228	128093	321	400	0
158229	128186	321	401	0
158230	128263	322	401	0
158231	128411	322	401	0
158232	128478	323	399	0
158233	128519	324	398	0
158234	128629	324	397	0
158235	128693	324	394	0
158236	128814	325	393	0
158237	128878	326	386	0
158238	128955	326	382	0
158239	129016	326	377	0
158240	129118	326	371	0
158241	129182	326	364	0
158242	129282	326	359	0
158243	129359	325	353	0
158244	129486	325	348	0
158245	129554	323	341	0
158246	129622	323	336	0
158247	129687	322	330	0
158248	129789	321	325	0
158249	129884	321	319	0
158250	129948	320	311	0
158251	130046	319	303	0
158252	130147	318	294	0
158253	130218	317	288	0
158254	130320	315	274	0
158255	130414	315	272	0
158256	130481	314	267	0
158257	130578	313	265	0
158258	130650	311	255	0
158259	130717	309	250	0
158260	130784	307	243	0
158261	130879	307	240	0
158262	130945	306	233	0
158263	131056	305	228	0
158264	131117	302	221	0
158265	131215	301	217	0
158266	131282	300	216	0
158267	131415	298	208	0
158268	131491	297	203	0
158269	131614	295	195	0
158270	131796	293	189	0
158271	131879	289	173	0
158272	131926	289	170	0
158273	132012	287	164	0
158274	132078	287	158	0
158275	132158	286	154	0
158276	132216	286	151	0
158277	132316	284	142	0
158278	132381	282	131	0
158279	132488	281	128	0
158280	132580	280	123	0
158281	132648	278	108	0
158282	132748	278	106	0
158283	132814	277	97	0
158284	132877	276	95	0
158285	132948	277	93	0
158286	133042	276	91	0
158287	133114	276	87	0
158288	133196	276	84	0
158289	133288	276	81	0
158290	133342	275	74	0
158291	133407	274	69	0
158292	133479	275	66	0
158293	133586	274	61	0
158294	133717	272	50	0
158295	133806	270	41	0
158296	133882	269	36	0
158297	133948	267	32	0
158298	134057	267	30	0
158299	134132	267	33	0
158300	134199	266	34	0
158301	134275	266	35	0
158302	134352	266	35	0
158303	134447	266	36	0
158304	134513	266	37	0
158305	134595	265	40	0
158306	134683	262	41	0
158307	134900	260	43	0
158308	135007	255	49	0
158309	135077	253	54	0
158310	135249	253	56	0
158311	135377	251	66	0
158312	135469	249	76	0
158313	135564	248	80	0
158314	135629	246	86	0
158315	135688	246	90	0
158316	135772	246	95	0
158317	135823	246	102	0
158318	135901	246	104	0
158319	136004	246	109	0
158320	136078	246	115	0
158321	136148	246	120	0
158322	136245	246	127	0
158323	136353	246	134	0
158324	136446	247	140	0
158325	136549	247	144	0
158326	136669	248	153	0
158327	136744	249	161	0
158328	136856	249	163	0
158329	136960	250	171	0
158330	137070	251	179	0
158331	137174	252	185	0
158332	137273	253	192	0
158333	137340	254	202	0
158334	137439	255	204	0
158335	137533	257	213	0
158336	137621	258	219	0
158337	137708	259	224	0
158338	137773	260	231	0
158339	137837	261	235	0
158340	137926	261	236	0
158341	138009	262	242	0
158342	138074	262	244	0
158343	138139	264	250	0
158344	138242	265	254	0
158345	138376	266	260	0
158346	138475	268	271	0
158347	138575	270	278	0
158348	138640	271	287	0
158349	138773	272	292	0
158350	138875	273	303	0
158351	138950	274	308	0
158352	139046	275	314	0
158353	139137	276	325	0
158354	139248	277	331	0
158355	139314	278	341	0
158356	139445	278	346	0
158357	139518	279	355	0
158358	139640	279	360	0
158359	139742	279	369	0
158360	139809	279	378	0
158361	139911	280	383	0
158362	140045	281	391	0
158363	140106	280	398	0
158364	140194	280	400	0
158365	140335	279	401	0
158366	140431	279	400	0
158367	140539	279	400	0
158368	140617	279	399	0
158369	140704	279	399	0
158370	140801	279	399	0
158371	140875	279	399	0
158372	140976	279	399	0
158373	141043	279	399	0
158374	141105	279	399	0
158375	141198	279	398	0
158376	141270	279	398	0
158377	141331	279	398	0
158378	141410	279	398	0
158379	141502	279	398	0
158380	141569	279	398	0
158381	141631	279	398	0
158382	141738	279	398	0
158383	141811	279	398	0
158384	141907	279	398	0
158385	141998	279	398	0
158386	142102	279	398	0
158387	142205	279	399	0
158388	142271	279	399	0
158389	142366	279	399	0
158390	142431	279	398	0
158391	142495	279	398	0
158392	142568	279	398	0
158393	142635	279	399	0
158394	142670	279	399	0
158395	142733	279	399	0
158396	142834	280	400	0
158397	142927	280	400	0
158398	142972	280	400	0
158399	143027	280	400	0
158400	143102	280	400	0
158401	143166	280	400	0
158402	143262	280	400	0
158403	143325	280	400	0
158404	143370	280	401	0
158405	143481	280	401	0
158406	143576	280	401	0
158407	143663	280	401	0
158408	143735	280	401	0
158409	143833	280	400	0
158410	143902	280	400	0
158411	143969	280	400	0
158412	144095	280	399	0
158413	144212	280	399	0
158414	144303	280	399	0
158415	144408	280	399	0
158416	144531	280	399	0
158417	144645	280	398	0
158418	144835	279	398	0
158419	144935	279	397	0
158420	145036	279	397	0
158421	145132	279	396	0
158422	145198	279	396	0
158423	145263	279	396	0
158424	145333	279	396	0
158425	145408	279	396	0
158426	145502	279	396	0
158427	145598	279	396	0
158428	145663	279	396	0
158429	145757	279	396	0
158430	145867	279	394	0
158431	145984	279	394	0
158432	146064	279	394	0
158433	146127	279	394	0
158434	146271	279	394	0
158435	146368	278	394	0
158436	146461	278	395	0
158437	146559	278	395	0
158438	146616	278	395	0
158439	146674	278	395	0
158440	146802	278	395	0
158441	146896	278	395	0
158442	147000	278	395	0
158443	147099	278	395	0
158444	147197	278	394	0
158445	147327	278	394	0
158446	147394	278	394	0
158447	147454	278	394	0
158448	147530	278	394	0
158449	147605	278	394	0
158450	147726	278	394	0
158451	147789	278	394	0
158452	147871	278	394	0
158453	147966	278	394	0
158454	148041	278	394	0
158455	148126	278	394	0
158456	148199	278	394	0
158457	148274	277	393	0
158458	148363	276	393	0
158459	148429	276	393	0
158460	148495	276	393	0
158461	148589	276	393	0
158462	148655	276	393	0
158463	148734	276	393	0
158464	148838	276	393	0
158465	148927	275	393	0
158466	149023	274	394	0
158467	149110	274	393	0
158468	149176	273	392	0
158469	149291	273	391	0
158470	149393	271	391	0
158471	149529	271	391	0
158472	149604	271	391	0
158473	149671	271	391	0
158474	149760	271	391	0
158475	149821	271	391	0
158476	149885	271	391	0
158477	149957	271	391	0
158478	150052	269	391	0
158479	150156	269	391	0
158480	150229	269	391	0
158481	150306	269	391	0
158482	150370	269	391	0
158483	150463	269	391	0
158484	150527	269	391	0
158485	150644	269	391	0
158486	150763	269	391	0
158487	150864	269	391	0
158488	150958	269	390	0
158489	151057	268	390	0
158490	151150	268	389	0
158491	151232	267	388	0
158492	151326	267	389	0
158493	151392	267	388	0
158494	151553	266	388	0
158495	151668	266	388	0
158496	151757	267	388	0
158497	151821	267	388	0
158498	151919	267	388	0
158499	152003	267	388	0
158500	152098	267	388	0
158501	152168	267	388	0
158502	152261	266	388	0
158503	152350	266	388	0
158504	152457	267	388	0
158505	152530	267	388	0
158506	152621	267	388	0
158507	152719	267	388	0
158508	152803	267	388	0
158509	152929	267	388	0
158510	152998	266	387	0
158511	153133	267	387	0
158512	153214	267	386	0
158513	153287	267	385	0
158514	153391	266	384	0
158515	153460	265	382	0
158516	153542	265	381	0
158517	153614	265	381	0
158518	153691	265	381	0
158519	153791	265	381	0
158520	153886	265	381	0
158521	153957	265	381	0
158522	154060	265	381	0
158523	154161	265	381	0
158524	154224	265	381	0
158525	154290	265	381	0
158526	154392	265	381	0
158527	154488	265	381	0
158528	154593	265	381	0
158529	154689	265	381	0
158530	154786	265	381	0
158531	154855	265	381	0
158532	154928	265	381	0
158533	154995	265	381	0
158534	155090	265	381	0
158535	155212	265	381	0
158536	155287	265	381	0
158537	155357	265	381	0
158538	155431	265	381	0
158539	155521	265	381	0
158540	155583	265	381	0
158541	155682	265	381	0
158542	155762	265	381	0
158543	155875	265	381	0
158544	155959	265	380	0
158545	156050	265	380	0
158546	156163	265	380	0
158547	156231	265	379	0
158548	156344	265	378	0
158549	156453	263	373	0
158550	156517	263	372	0
158551	156590	262	372	0
158552	156716	262	371	0
158553	156820	262	371	0
158554	156928	262	371	0
158555	157032	262	371	0
158556	157115	262	371	0
158557	157183	262	371	0
158558	157279	262	371	0
158559	157359	262	371	0
158560	157416	262	371	0
158561	157475	262	371	0
158562	157546	262	371	0
158563	157615	262	371	0
158564	157690	262	371	0
158565	157745	262	371	0
158566	157814	262	371	0
158567	157884	262	371	0
158568	157951	262	371	0
158569	158032	262	371	0
158570	158111	262	371	0
158571	158186	262	371	0
158572	158254	262	371	0
158573	158326	262	371	0
158574	158385	262	371	0
158575	158456	262	371	0
158576	158539	262	371	0
158577	158589	262	371	0
158578	158656	262	371	0
158579	158716	262	371	0
158580	158783	262	371	0
158581	158878	262	371	0
158582	158944	262	371	0
158583	159018	262	371	0
158584	159080	262	371	0
158585	159147	262	371	0
158586	159216	262	370	0
158587	159276	262	370	0
158588	159342	262	370	0
158589	159414	262	370	0
158590	159490	262	370	0
158591	159585	262	370	0
158592	159656	262	370	0
158593	159752	262	370	0
158594	159818	262	370	0
158595	159886	262	371	0
158596	159947	262	371	0
158597	160006	262	370	0
158598	160083	262	370	0
158599	160175	262	370	0
158600	160283	262	370	0
158601	160353	262	370	0
158602	160416	262	370	0
158603	160482	262	370	0
158604	160552	262	370	0
158605	160616	262	370	0
158606	160686	262	370	0
158607	160753	262	370	0
158608	160848	262	370	0
158609	160912	262	370	0
158610	160974	262	370	0
158611	161037	262	370	0
158612	161082	262	370	0
158613	161152	262	370	0
158614	161247	262	370	0
158615	161311	262	370	0
158616	161373	262	370	0
158617	161438	262	370	0
158618	161489	262	370	0
158619	161552	262	370	0
158620	161623	262	370	0
158621	161710	262	370	0
158622	161785	262	370	0
158623	161862	262	370	0
158624	161926	262	370	0
158625	161992	262	370	0
158626	162052	262	370	0
158627	162117	262	370	0
158628	162174	262	370	0
158629	162239	262	370	0
158630	162318	262	370	0
158631	162381	262	370	0
158632	162440	262	369	0
158633	162510	261	367	0
158634	162574	261	365	0
158635	162670	260	365	0
158636	162718	258	359	0
158637	162815	258	358	0
158638	162878	257	356	0
158639	162945	255	352	0
158640	163031	254	349	0
158641	163101	253	344	0
158642	163178	253	342	0
158643	163248	250	337	0
158644	163342	249	332	0
158645	163441	247	328	0
158646	163517	245	320	0
158647	163616	243	315	0
158648	163675	242	308	0
158649	163736	241	303	0
158650	163777	240	298	0
158651	163847	240	297	0
158652	163911	239	292	0
158653	163978	238	287	0
158654	164049	238	282	0
158655	164110	237	276	0
158656	164176	235	272	0
158657	164238	235	269	0
158658	164298	233	261	0
158659	164365	233	256	0
158660	164437	232	254	0
158661	164511	230	246	0
158662	164580	228	241	0
158663	164660	226	236	0
158664	164736	225	229	0
158665	164811	223	224	0
158666	164873	221	220	0
158667	164942	220	215	0
158668	165036	219	213	0
158669	165082	219	208	0
158670	165167	219	204	0
158671	165253	219	196	0
158672	165341	219	188	0
158673	165407	218	180	0
158674	165477	218	175	0
158675	165564	217	170	0
158676	165630	219	162	0
158677	165689	219	159	0
158678	165753	219	154	0
158679	165836	219	149	0
158680	165884	219	141	0
158681	165963	219	139	0
158682	166034	219	131	0
158683	166102	219	129	0
158684	166167	219	122	0
158685	166236	218	117	0
158686	166302	218	112	0
158687	166366	217	110	0
158688	166446	215	103	0
158689	166539	215	101	0
158690	166608	214	94	0
158691	166673	213	89	0
158692	166738	212	84	0
158693	166799	212	79	0
158694	166842	211	74	0
158695	166910	211	73	0
158696	167004	210	68	0
158697	167101	210	63	0
158698	167165	209	56	0
158699	167241	207	50	0
158700	167309	207	47	0
158701	167380	206	42	0
158702	167449	206	38	0
158703	167508	207	37	0
158704	167571	207	37	0
158705	167651	207	38	0
158706	167710	206	40	0
158707	167775	206	41	0
158708	167841	206	42	0
158709	167938	206	42	0
158710	168003	206	43	0
158711	168113	206	44	0
158712	168169	205	45	0
158713	168240	204	46	0
158714	168302	204	46	0
158715	168395	204	46	0
158716	168473	203	48	0
158717	168534	203	48	0
158718	168605	202	48	0
158719	168679	201	50	0
158720	168742	199	52	0
158721	168805	197	54	0
158722	168870	196	56	0
158723	168933	194	60	0
158724	169007	193	62	0
158725	169080	193	66	0
158726	169166	192	71	0
158727	169230	191	75	0
158728	169305	191	79	0
158729	169409	190	83	0
158730	169469	189	93	0
158731	169529	190	98	0
158732	169586	190	102	0
158733	169662	191	107	0
158734	169738	192	110	0
158735	169823	193	114	0
158736	169902	195	120	0
158737	169973	197	124	0
158738	170060	200	131	0
158739	170124	203	138	0
158740	170201	204	141	0
158741	170271	205	145	0
158742	170367	208	152	0
158743	170461	212	158	0
158744	170536	215	167	0
158745	170599	217	172	0
158746	170670	220	178	0
158747	170735	221	180	0
158748	170804	224	185	0
158749	170890	227	192	0
158750	170960	231	200	0
158751	171003	232	204	0
158752	171067	233	208	0
158753	171127	236	214	0
158754	171197	238	219	0
158755	171293	238	221	0
158756	171368	242	231	0
158757	171417	244	236	0
158758	171492	245	240	0
158759	171564	247	248	0
158760	171663	248	250	0
158761	171730	253	261	0
158762	171774	253	266	0
158763	171845	254	268	0
158764	171903	256	273	0
158765	171998	257	277	0
158766	172059	259	285	0
158767	172128	261	293	0
158768	172178	262	299	0
158769	172268	263	301	0
158770	172330	265	309	0
158771	172394	265	313	0
158772	172495	267	318	0
158773	172555	268	326	0
158774	172617	270	331	0
158775	172676	271	335	0
158776	172736	273	340	0
158777	172801	274	345	0
158778	172871	276	351	0
158779	172957	278	357	0
158780	173001	279	364	0
158781	173071	280	366	0
158782	173167	282	372	0
158783	173260	283	377	0
158784	173326	285	386	0
158785	173401	286	389	0
158786	173467	286	392	0
158787	173529	286	393	0
158788	173597	286	397	0
158789	173660	284	400	0
158790	173731	283	402	0
158791	173798	282	404	0
158792	173866	281	408	0
158793	173910	282	410	0
158794	173969	281	412	0
158795	174062	280	414	0
158796	174123	280	415	0
158797	174198	280	415	0
158798	174258	280	415	0
158799	174331	280	415	0
158800	174397	280	415	0
158801	174458	280	415	0
158802	174512	280	415	0
158803	174591	280	415	0
158804	174663	280	415	0
158805	174733	280	415	0
158806	174801	280	415	0
158807	174867	280	414	0
158808	174928	280	415	0
158809	174996	280	414	0
158810	175067	280	414	0
158811	175143	280	414	0
158812	175232	280	414	0
158813	175328	280	414	0
158814	175430	280	414	0
158815	175499	280	414	0
158816	175580	280	414	0
158817	175660	280	414	0
158818	175728	280	414	0
158819	175821	281	414	0
158820	175889	280	415	0
158821	175952	281	416	0
158822	176029	280	418	0
158823	176127	279	421	0
158824	176211	279	424	0
158825	176304	278	427	0
158826	176367	278	429	0
158827	176434	278	429	0
158828	176504	278	429	0
158829	176598	278	429	0
158830	176698	278	429	0
158831	176757	278	429	0
158832	176826	278	429	0
158833	176894	278	429	0
158834	176959	278	429	0
158835	177019	278	429	0
158836	177086	278	429	0
158837	177171	278	429	0
158838	177230	278	429	0
158839	177297	278	429	0
158840	177363	278	429	0
158841	177452	278	429	0
158842	177519	278	429	0
158843	177579	278	429	0
158844	177656	278	429	0
158845	177702	278	429	0
158846	177770	278	429	0
158847	177865	278	429	0
158848	177932	278	429	0
158849	177994	278	429	0
158850	178066	278	429	0
158851	178131	278	429	0
158852	178201	278	429	0
158853	178263	278	429	0
158854	178344	278	429	0
158855	178421	278	429	0
158856	178495	278	429	0
158857	178561	278	429	0
158858	178676	278	429	0
158859	178743	278	429	0
158860	178796	278	429	0
158861	178859	278	429	0
158862	178930	278	429	0
158863	179023	278	429	0
158864	179096	278	429	0
158865	179184	278	429	0
158866	179242	278	429	0
158867	179330	278	429	0
158868	179413	278	430	0
158869	179482	278	431	0
158870	179544	278	434	0
158871	179590	278	437	0
158872	179650	278	439	0
158873	179701	277	444	0
158874	179765	277	446	0
158875	179825	277	451	0
158876	179885	277	456	0
158877	179955	277	457	0
158878	180020	277	456	0
158879	180083	278	453	0
158880	180157	278	452	0
158881	180253	278	451	0
158882	180328	278	450	0
158883	180395	277	448	0
158884	180472	277	448	0
158885	180559	277	447	0
158886	180626	277	447	0
158887	180688	277	445	0
158888	180783	278	443	0
158889	180862	278	442	0
158890	180924	278	439	0
158891	180991	278	437	0
158892	181050	278	435	0
158893	181118	279	432	0
158894	181180	279	430	0
158895	181227	279	427	0
158896	181326	279	426	0
158897	181425	279	425	0
158898	181514	280	422	0
158899	181582	281	418	0
158900	181647	282	415	0
158901	181720	282	414	0
158902	181790	283	408	0
158903	181855	284	404	0
158904	181949	284	400	0
158905	182021	284	394	0
158906	182087	284	389	0
158907	182148	284	388	0
158908	182220	284	382	0
158909	182282	284	377	0
158910	182366	284	373	0
158911	182423	284	367	0
158912	182491	284	362	0
158913	182558	284	357	0
158914	182623	285	351	0
158915	182693	285	348	0
158916	182785	285	343	0
158917	182872	285	332	0
158918	182945	285	326	0
158919	183002	284	321	0
158920	183089	284	315	0
158921	183184	284	308	0
158922	183256	284	302	0
158923	183356	283	295	0
158924	183400	283	289	0
158925	183466	283	284	0
158926	183543	282	279	0
158927	183614	282	271	0
158928	183681	280	265	0
158929	183757	280	262	0
158930	183855	280	257	0
158931	183921	280	247	0
158932	184014	280	241	0
158933	184081	280	233	0
158934	184144	279	228	0
158935	184214	279	226	0
158936	184279	279	219	0
158937	184350	279	214	0
158938	184401	278	209	0
158939	184481	278	207	0
158940	184524	278	200	0
158941	184590	278	197	0
158942	184685	278	195	0
158943	184760	276	188	0
158944	184815	274	180	0
158945	184886	274	175	0
158946	184957	273	170	0
158947	185056	273	164	0
158948	185120	272	159	0
158949	185182	272	149	0
158950	185280	272	144	0
158951	185352	272	135	0
158952	185422	272	130	0
158953	185496	272	125	0
158954	185582	271	119	0
158955	185651	271	114	0
158956	185728	271	106	0
158957	185790	271	100	0
158958	185857	271	97	0
158959	185917	270	88	0
158960	185983	270	82	0
158961	186071	270	80	0
158962	186140	270	69	0
158963	186209	270	63	0
158964	186252	269	60	0
158965	186322	269	58	0
158966	186387	269	49	0
158967	186443	268	44	0
158968	186513	268	40	0
158969	186588	268	37	0
158970	186654	267	33	0
158971	186719	267	33	0
158972	186814	268	33	0
158973	186882	270	32	0
158974	186953	270	32	0
158975	187017	271	33	0
158976	187083	271	34	0
158977	187145	269	35	0
158978	187212	269	35	0
158979	187289	269	35	0
158980	187344	267	35	0
158981	187415	267	35	0
158982	187486	267	36	0
158983	187581	267	36	0
158984	187647	266	36	0
158985	187717	265	36	0
158986	187804	265	37	0
158987	187878	263	37	0
158988	187952	262	36	0
158989	188012	262	35	0
158990	188083	262	35	0
158991	188175	262	35	0
158992	188263	262	35	0
158993	188340	261	35	0
158994	188412	261	35	0
158995	188478	263	37	0
158996	188550	263	37	0
158997	188646	263	38	0
158998	188704	263	38	0
158999	188763	263	38	0
159000	188820	263	38	0
159001	188898	263	38	0
159002	188974	263	38	0
159003	189033	264	40	0
159004	189108	264	40	0
159005	189160	264	41	0
159006	189234	264	41	0
159007	189311	264	41	0
159008	189407	263	42	0
159009	189482	263	42	0
159010	189555	263	42	0
159011	189634	263	42	0
159012	189715	263	43	0
159013	189805	261	44	0
159014	189880	261	44	0
159015	189948	262	44	0
159016	190016	262	44	0
159017	190101	262	44	0
159018	190162	262	45	0
159019	190217	262	45	0
159020	190279	262	45	0
159021	190354	262	45	0
159022	190434	262	45	0
159023	190530	263	45	0
159024	190613	262	46	0
159025	190671	262	46	0
159026	190732	262	46	0
159027	190804	261	47	0
159028	190866	261	49	0
159029	190940	261	52	0
159030	191009	259	56	0
159031	191073	259	59	0
159032	191117	259	61	0
159033	191182	257	64	0
159034	191277	257	66	0
159035	191346	254	77	0
159036	191433	254	78	0
159037	191509	253	83	0
159038	191585	253	85	0
159039	191708	252	90	0
159040	191792	251	96	0
159041	191908	251	98	0
159042	191987	248	111	0
159043	192053	248	116	0
159044	192140	248	122	0
159045	192246	248	129	0
159046	192392	248	134	0
159047	192482	248	146	0
159048	192596	249	151	0
159049	192670	250	162	0
159050	192749	251	167	0
159051	192833	252	176	0
159052	192909	253	182	0
159053	192975	253	188	0
159054	193043	254	196	0
159055	193140	255	202	0
159056	193215	256	210	0
159057	193347	257	212	0
159058	193440	259	227	0
159059	193542	261	234	0
159060	193642	262	239	0
159061	193714	263	247	0
159062	193810	264	256	0
159063	193877	265	264	0
159064	193969	265	271	0
159065	194072	266	280	0
159066	194175	267	287	0
159067	194242	268	298	0
159068	194335	268	301	0
159069	194417	270	313	0
159070	194499	270	316	0
159071	194615	272	326	0
159072	194734	273	338	0
159073	194802	273	347	0
159074	194896	274	353	0
159075	194963	274	361	0
159076	195067	275	368	0
159077	195137	275	377	0
159078	195197	275	385	0
159079	195274	276	391	0
159080	195340	276	394	0
159081	195413	277	401	0
159082	195507	277	402	0
159083	195596	279	411	0
159084	195646	279	415	0
159085	195733	279	418	0
159086	195773	279	426	0
159087	195861	279	431	0
159088	195937	279	439	0
159089	196036	279	441	0
159090	196111	281	450	0
159091	196177	281	452	0
159092	196298	281	457	0
159093	196364	281	453	0
159094	196442	281	451	0
159095	196508	281	450	0
159096	196607	281	449	0
159097	196694	280	449	0
159098	196801	280	447	0
159099	196863	280	446	0
159100	196945	280	445	0
159101	197047	280	444	0
159102	197111	281	441	0
159103	197201	283	439	0
159104	197264	284	438	0
159105	197353	284	437	0
159106	197436	285	435	0
159107	197512	285	435	0
159108	197635	285	434	0
159109	197740	285	434	0
159110	197838	285	434	0
159111	197935	285	434	0
159112	198030	285	434	0
159113	198108	285	434	0
159114	198169	285	434	0
159115	198240	285	434	0
159116	198314	285	434	0
159117	198373	285	434	0
159118	198464	285	434	0
159119	198546	285	434	0
159120	198617	285	434	0
159121	198703	285	434	0
159122	198769	285	434	0
159123	198860	285	434	0
159124	198939	285	434	0
159125	199006	285	434	0
159126	199098	285	434	0
159127	199170	285	434	0
159128	199264	285	434	0
159129	199338	285	434	0
159130	199414	285	434	0
159131	199506	285	434	0
159132	199566	285	434	0
159133	199631	285	434	0
159134	199727	285	434	0
159135	199805	285	434	0
159136	199869	285	434	0
159137	199935	285	433	0
159138	199999	286	433	0
159139	200077	286	433	0
159140	200133	285	433	0
159141	200172	285	433	0
159142	200270	285	432	0
159143	200336	285	430	0
159144	200414	285	427	0
159145	200490	285	425	0
159146	200557	285	421	0
159147	200634	286	419	0
159148	200702	286	417	0
159149	200798	286	414	0
159150	200864	286	410	0
159151	200936	287	407	0
159152	201017	287	402	0
159153	201103	287	399	0
159154	201198	287	397	0
159155	201271	287	389	0
159156	201359	287	386	0
159157	201429	287	381	0
159158	201500	287	378	0
159159	201566	287	370	0
159160	201639	287	368	0
159161	201726	286	360	0
159162	201796	286	354	0
159163	201859	286	346	0
159164	201907	286	344	0
159165	201969	286	338	0
159166	202063	286	333	0
159167	202132	285	326	0
159168	202194	285	321	0
159169	202252	284	317	0
159170	202324	284	314	0
159171	202383	283	308	0
159172	202430	283	305	0
159173	202502	282	300	0
159174	202579	281	295	0
159175	202640	280	288	0
159176	202697	279	284	0
159177	202771	279	282	0
159178	202836	279	273	0
159179	202906	279	268	0
159180	202989	279	262	0
159181	203068	278	254	0
159182	203135	278	251	0
159183	203231	277	243	0
159184	203293	276	235	0
159185	203362	275	229	0
159186	203468	274	224	0
159187	203533	273	219	0
159188	203597	272	212	0
159189	203664	272	207	0
159190	203759	270	201	0
159191	203829	268	192	0
159192	203898	268	187	0
159193	203959	267	182	0
159194	204032	266	176	0
159195	204129	267	173	0
159196	204191	265	162	0
159197	204263	265	159	0
159198	204331	265	153	0
159199	204402	264	144	0
159200	204496	264	142	0
159201	204565	263	133	0
159202	204623	263	124	0
159203	204695	262	118	0
159204	204766	262	115	0
159205	204851	262	107	0
159206	204926	262	99	0
159207	204991	261	93	0
159208	205065	261	88	0
159209	205136	260	83	0
159210	205201	259	78	0
159211	205262	259	73	0
159212	205359	259	70	0
159213	205444	259	60	0
159214	205504	258	51	0
159215	205598	258	50	0
159216	205670	258	42	0
159217	205758	258	37	0
159218	205823	258	33	0
159219	205886	258	31	0
159220	205923	258	31	0
159221	205998	258	31	0
159222	206064	258	34	0
159223	206157	258	34	0
159224	206219	259	33	0
159225	206286	260	33	0
159226	206367	262	31	0
159227	206428	263	31	0
159228	206495	262	33	0
159229	206590	262	33	0
159230	206652	262	33	0
159231	206727	261	34	0
159232	206793	261	34	0
159233	206861	260	35	0
159234	206928	260	35	0
159235	206993	259	35	0
159236	207060	258	35	0
159237	207115	257	34	0
159238	207171	255	33	0
159239	207231	255	33	0
159240	207293	254	33	0
159241	207362	255	34	0
159242	207460	255	34	0
159243	207525	256	35	0
159244	207599	256	36	0
159245	207670	256	38	0
159246	207737	257	38	0
159247	207821	255	41	0
159248	207886	254	44	0
159249	207943	253	46	0
159250	208016	252	49	0
159251	208083	252	52	0
159252	208156	251	57	0
159253	208253	251	61	0
159254	208328	251	65	0
159255	208393	251	70	0
159256	208457	251	73	0
159257	208528	251	76	0
159258	208589	250	82	0
159259	208653	250	83	0
159260	208729	250	88	0
159261	208813	250	94	0
159262	208895	250	98	0
159263	208958	250	106	0
159264	209042	251	111	0
159265	209117	251	118	0
159266	209181	252	123	0
159267	209229	252	128	0
159268	209315	252	131	0
159269	209377	253	138	0
159270	209457	253	142	0
159271	209520	254	147	0
159272	209607	255	151	0
159273	209683	256	156	0
159274	209757	257	161	0
159275	209823	258	167	0
159276	209905	259	170	0
159277	209986	260	176	0
159278	210057	263	184	0
159279	210127	264	187	0
159280	210223	266	191	0
159281	210314	268	199	0
159282	210396	269	207	0
159283	210456	270	214	0
159284	210518	271	219	0
159285	210589	272	223	0
159286	210686	273	228	0
159287	210762	273	234	0
159288	210836	274	239	0
159289	210894	275	245	0
159290	210956	275	247	0
159291	211022	276	252	0
159292	211096	277	256	0
159293	211173	278	260	0
159294	211235	279	266	0
159295	211308	281	272	0
159296	211379	281	273	0
159297	211478	281	280	0
159298	211513	283	288	0
159299	211585	283	289	0
159300	211660	284	292	0
159301	211725	285	297	0
159302	211800	286	301	0
159303	211908	286	304	0
159304	211975	287	312	0
159305	212016	287	315	0
159306	212088	287	317	0
159307	212153	288	321	0
159308	212222	289	324	0
159309	212291	289	328	0
159310	212378	290	334	0
159311	212442	292	341	0
159312	212518	293	346	0
159313	212582	293	349	0
159314	212642	294	356	0
159315	212707	295	361	0
159316	212786	296	366	0
159317	212870	296	371	0
159318	212926	297	378	0
159319	212986	298	381	0
159320	213085	298	383	0
159321	213150	298	389	0
159322	213218	298	393	0
159323	213283	298	396	0
159324	213374	298	398	0
159325	213449	298	401	0
159326	213528	298	406	0
159327	213591	298	409	0
159328	213672	298	413	0
159329	213751	297	419	0
159330	213823	297	421	0
159331	213888	297	425	0
159332	213955	297	432	0
159333	214013	296	434	0
159334	214110	296	438	0
159335	214170	297	448	0
159336	214244	297	450	0
159337	214316	297	455	0
159338	214374	297	454	0
159339	214434	298	452	0
159340	214492	298	450	0
159341	214552	298	449	0
159342	214616	298	448	0
159343	214684	298	447	0
159344	214750	299	446	0
159345	214849	300	445	0
159346	214917	302	444	0
159347	215020	305	443	0
159348	215082	309	441	0
159349	215151	310	440	0
159350	215215	312	439	0
159351	215285	314	437	0
159352	215363	315	436	0
159353	215439	316	435	0
159354	215508	316	435	0
159355	215572	316	434	0
159356	215648	316	433	0
159357	215732	316	433	0
159358	215785	317	432	0
159359	215848	317	432	0
159360	215909	317	432	0
159361	215983	317	432	0
159362	216051	317	432	0
159363	216132	317	431	0
159364	216193	317	431	0
159365	216261	317	431	0
159366	216322	317	431	0
159367	216416	317	431	0
159368	216509	318	431	0
159369	216608	318	431	0
159370	216651	318	431	0
159371	216722	318	431	0
159372	216815	318	431	0
159373	216876	318	431	0
159374	216943	318	431	0
159375	217007	318	431	0
159376	217054	318	431	0
159377	217119	318	431	0
159378	217183	318	431	0
159379	217247	318	431	0
159380	217309	318	431	0
159381	217373	318	431	0
159382	217444	318	431	0
159383	217516	318	431	0
159384	217585	318	431	0
159385	217680	318	430	0
159386	217766	318	429	0
159387	217839	318	426	0
159388	217918	319	424	0
159389	217980	321	419	0
159390	218055	322	415	0
159391	218172	322	412	0
159392	218214	324	405	0
159393	218282	324	402	0
159394	218382	324	401	0
159395	218479	324	394	0
159396	218545	324	390	0
159397	218640	324	384	0
159398	218714	324	377	0
159399	218783	324	376	0
159400	218879	323	368	0
159401	218953	323	364	0
159402	219025	322	357	0
159403	219100	322	352	0
159404	219178	321	348	0
159405	219245	320	341	0
159406	219307	319	336	0
159407	219373	318	333	0
159408	219472	318	330	0
159409	219516	316	323	0
159410	219592	315	320	0
159411	219677	313	312	0
159412	219742	312	306	0
159413	219839	310	298	0
159414	219911	309	291	0
159415	220011	307	289	0
159416	220074	306	282	0
159417	220130	304	276	0
159418	220208	302	270	0
159419	220268	301	265	0
159420	220344	300	260	0
159421	220417	299	257	0
159422	220478	297	251	0
159423	220544	297	248	0
159424	220607	294	240	0
159425	220703	292	232	0
159426	220814	291	224	0
159427	220937	290	219	0
159428	221007	287	206	0
159429	221090	286	202	0
159430	221174	284	195	0
159431	221245	283	190	0
159432	221315	281	185	0
159433	221394	280	180	0
159434	221496	279	170	0
159435	221557	278	162	0
159436	221608	278	159	0
159437	221681	278	153	0
159438	221743	277	148	0
159439	221806	275	143	0
159440	221871	275	137	0
159441	221946	274	133	0
159442	222044	274	127	0
159443	222118	274	123	0
159444	222196	274	115	0
159445	222270	274	107	0
159446	222333	273	105	0
159447	222414	273	98	0
159448	222475	273	95	0
159449	222545	272	89	0
159450	222607	271	83	0
159451	222679	271	78	0
159452	222766	271	74	0
159453	222843	270	65	0
159454	222913	270	62	0
159455	223008	270	55	0
159456	223079	270	47	0
159457	223155	270	42	0
159458	223215	269	37	0
159459	223304	268	34	0
159460	223375	267	29	0
159461	223446	267	31	0
159462	223536	268	33	0
159463	223608	268	34	0
159464	223672	268	35	0
159465	223742	268	36	0
159466	223808	268	37	0
159467	223871	266	37	0
159468	223933	266	39	0
159469	223998	265	40	0
159470	224043	261	41	0
159471	224141	261	41	0
159472	224214	261	41	0
159473	224318	261	42	0
159474	224396	261	43	0
159475	224468	261	43	0
159476	224547	261	43	0
159477	224607	261	43	0
159478	224671	261	43	0
159479	224738	261	44	0
159480	224829	258	46	0
159481	224875	258	48	0
159482	224959	258	48	0
159483	225041	258	49	0
159484	225122	259	50	0
159485	225230	259	51	0
159486	225274	257	56	0
159487	225343	256	60	0
159488	225409	255	66	0
159489	225491	254	69	0
159490	225553	254	74	0
159491	225618	253	78	0
159492	225686	253	83	0
159493	225759	253	85	0
159494	225819	253	89	0
159495	225881	252	93	0
159496	225956	253	97	0
159497	226020	252	105	0
159498	226077	251	110	0
159499	226142	251	111	0
159500	226231	251	114	0
159501	226304	251	121	0
159502	226404	251	128	0
159503	226502	251	131	0
159504	226570	251	138	0
159505	226642	251	146	0
159506	226701	251	150	0
159507	226798	251	152	0
159508	226869	252	162	0
159509	226944	252	167	0
159510	227010	252	172	0
159511	227073	253	177	0
159512	227153	253	179	0
159513	227222	253	188	0
159514	227266	253	192	0
159515	227332	253	198	0
159516	227409	254	200	0
159517	227503	255	207	0
159518	227595	256	215	0
159519	227659	256	223	0
159520	227718	258	229	0
159521	227778	258	231	0
159522	227818	258	236	0
159523	227897	258	239	0
159524	227975	259	244	0
159525	228093	260	250	0
159526	228171	261	257	0
159527	228242	262	262	0
159528	228305	264	271	0
159529	228369	265	276	0
159530	228435	266	281	0
159531	228525	266	284	0
159532	228599	267	295	0
159533	228668	267	297	0
159534	228767	268	305	0
159535	228834	268	310	0
159536	228904	270	318	0
159537	228970	270	324	0
159538	229040	271	329	0
159539	229103	272	336	0
159540	229196	272	340	0
159541	229264	273	349	0
159542	229332	274	355	0
159543	229434	274	360	0
159544	229474	274	368	0
159545	229543	275	371	0
159546	229632	275	373	0
159547	229728	275	381	0
159548	229807	275	392	0
159549	229902	274	397	0
159550	229994	274	401	0
159551	230063	275	406	0
159552	230158	276	407	0
159553	230231	277	409	0
159554	230303	278	411	0
159555	230375	279	414	0
159556	230456	281	420	0
159557	230532	281	425	0
159558	230591	281	428	0
159559	230661	279	432	0
159560	230730	279	434	0
159561	230802	279	439	0
159562	230895	278	442	0
159563	230991	278	446	0
159564	231043	277	453	0
159565	231106	276	454	0
159566	231164	276	454	0
159567	231232	276	454	0
159568	231334	276	454	0
159569	231393	276	452	0
159570	231469	277	452	0
159571	231529	277	451	0
159572	231599	277	451	0
159573	231669	277	451	0
159574	231763	277	451	0
159575	231865	278	450	0
159576	231937	278	450	0
159577	232020	278	450	0
159578	232112	278	448	0
159579	232162	278	447	0
159580	232225	278	446	0
159581	232297	278	445	0
159582	232365	278	445	0
159583	232466	279	444	0
159584	232557	281	442	0
159585	232620	281	440	0
159586	232696	282	439	0
159587	232757	283	438	0
159588	232806	283	438	0
159589	232897	283	438	0
159590	232990	283	438	0
159591	233070	283	438	0
159592	233166	283	438	0
159593	233232	283	437	0
159594	233299	283	437	0
159595	233399	283	437	0
159596	233482	283	437	0
159597	233533	284	436	0
159598	233606	284	436	0
159599	233694	284	436	0
159600	233754	285	435	0
159601	233827	285	435	0
159602	233900	285	435	0
159603	233960	285	435	0
159604	234031	285	435	0
159605	234093	285	435	0
159606	234189	285	435	0
159607	234264	285	435	0
159608	234321	285	435	0
159609	234395	285	435	0
159610	234440	285	434	0
159611	234524	285	433	0
159612	234588	285	431	0
159613	234655	285	429	0
159614	234718	286	426	0
159615	234761	286	423	0
159616	234827	286	422	0
159617	234928	287	421	0
159618	235013	287	415	0
159619	235119	287	412	0
159620	235166	287	409	0
159621	235240	287	405	0
159622	235303	287	401	0
159623	235380	287	397	0
159624	235443	287	391	0
159625	235520	287	387	0
159626	235564	287	384	0
159627	235628	287	381	0
159628	235725	287	379	0
159629	235795	286	370	0
159630	235876	286	365	0
159631	235949	286	357	0
159632	236012	286	354	0
159633	236081	286	349	0
159634	236163	286	344	0
159635	236252	285	337	0
159636	236309	285	329	0
159637	236381	284	324	0
159638	236455	285	322	0
159639	236530	284	317	0
159640	236594	284	309	0
159641	236686	283	305	0
159642	236757	282	297	0
159643	236815	281	293	0
159644	236874	281	290	0
159645	236959	280	285	0
159646	237022	279	280	0
159647	237086	278	273	0
159648	237171	277	269	0
159649	237268	276	264	0
159650	237347	275	259	0
159651	237426	273	248	0
159652	237518	273	242	0
159653	237588	273	234	0
159654	237651	272	230	0
159655	237712	271	225	0
159656	237784	270	223	0
159657	237836	268	216	0
159658	237887	268	214	0
159659	237991	267	212	0
159660	238084	266	203	0
159661	238153	265	196	0
159662	238222	264	187	0
159663	238319	264	185	0
159664	238392	262	175	0
159665	238466	262	171	0
159666	238559	260	163	0
159667	238643	260	155	0
159668	238719	259	149	0
159669	238784	259	141	0
159670	238862	259	136	0
159671	238954	259	131	0
159672	239020	258	123	0
159673	239087	258	118	0
159674	239151	257	112	0
159675	239223	257	107	0
159676	239318	256	102	0
159677	239387	256	97	0
159678	239487	256	90	0
159679	239561	255	83	0
159680	239621	254	78	0
159681	239683	254	74	0
159682	239743	253	70	0
159683	239798	253	67	0
159684	239864	253	63	0
159685	239951	253	59	0
159686	240023	253	52	0
159687	240112	253	48	0
159688	240186	252	45	0
159689	240259	253	42	0
159690	240356	253	42	0
159691	240420	254	41	0
159692	240503	255	41	0
159693	240592	255	41	0
159694	240686	256	40	0
159695	240749	257	40	0
159696	240815	257	41	0
159697	240914	259	41	0
159698	240983	260	42	0
159699	241054	261	43	0
159700	241115	261	43	0
159701	241175	264	43	0
159702	241247	264	43	0
159703	241316	264	42	0
159704	241383	264	42	0
159705	241453	265	41	0
159706	241529	265	40	0
159707	241591	266	39	0
159708	241678	267	37	0
159709	241754	268	34	0
159710	241817	269	33	0
159711	241888	271	31	0
159712	241964	272	32	0
159713	242043	272	33	0
159714	242111	270	36	0
159715	242187	271	37	0
159716	242253	273	39	0
159717	242351	274	41	0
159718	242416	277	46	0
159719	242488	277	46	0
159720	242554	280	51	0
159721	242617	281	54	0
159722	242685	282	56	0
159723	242784	283	59	0
159724	242870	285	66	0
159725	242946	286	69	0
159726	242983	287	75	0
159727	243042	287	77	0
159728	243114	288	79	0
159729	243183	289	82	0
159730	243264	290	83	0
159731	243351	290	85	0
159732	243419	290	87	0
159733	243487	290	88	0
159734	243556	290	90	0
159735	243614	291	93	0
159736	243688	291	95	0
159737	243765	291	97	0
159738	243818	292	101	0
159739	243884	293	103	0
159740	243944	293	108	0
159741	244011	294	112	0
159742	244077	295	116	0
159743	244142	296	120	0
159744	244219	297	125	0
159745	244298	298	127	0
159746	244382	299	134	0
159747	244455	301	140	0
159748	244542	303	144	0
159749	244615	304	151	0
159750	244676	305	153	0
159751	244743	306	160	0
159752	244814	307	166	0
159753	244915	309	170	0
159754	244981	311	177	0
159755	245048	312	182	0
159756	245122	312	184	0
159757	245213	312	191	0
159758	245272	312	194	0
159759	245318	311	195	0
159760	245440	310	195	0
159761	245516	308	198	0
159762	245581	307	200	0
159763	245645	305	203	0
159764	245717	304	206	0
159765	245784	303	209	0
159766	245850	302	213	0
159767	245914	301	215	0
159768	245978	300	219	0
159769	246048	299	225	0
159770	246140	298	228	0
159771	246235	297	236	0
159772	246309	296	244	0
159773	246378	297	246	0
159774	246469	296	255	0
159775	246531	296	260	0
159776	246606	296	265	0
159777	246684	296	272	0
159778	246755	296	276	0
159779	246846	296	284	0
159780	246919	296	292	0
159781	246992	297	297	0
159782	247048	297	303	0
159783	247116	296	308	0
159784	247185	296	311	0
159785	247282	297	318	0
159786	247344	295	327	0
159787	247439	295	332	0
159788	247513	296	340	0
159789	247579	296	341	0
159790	247647	297	348	0
159791	247746	297	349	0
159792	247810	296	358	0
159793	247890	295	363	0
159794	247982	295	367	0
159795	248079	294	372	0
159796	248156	293	379	0
159797	248236	292	386	0
159798	248298	292	391	0
159799	248366	291	394	0
159800	248442	291	396	0
159801	248511	290	400	0
159802	248583	289	404	0
159803	248649	288	408	0
159804	248720	288	411	0
159805	248785	287	416	0
159806	248845	286	421	0
159807	248915	285	424	0
159808	249012	284	427	0
159809	249082	283	433	0
159810	249153	281	438	0
159811	249235	280	442	0
159812	249319	279	449	0
159813	249396	279	454	0
159814	249505	278	458	0
159815	249547	278	456	0
159816	249610	278	456	0
159817	249678	278	453	0
159818	249742	278	451	0
159819	249809	278	450	0
159820	249904	278	450	0
159821	249982	278	448	0
159822	250048	279	447	0
159823	250111	279	446	0
159824	250183	280	445	0
159825	250270	280	445	0
159826	250335	280	444	0
159827	250409	279	442	0
159828	250482	279	442	0
159829	250552	280	441	0
159830	250625	279	439	0
159831	250705	279	438	0
159832	250776	279	438	0
159833	250837	279	438	0
159834	250904	279	438	0
159835	250976	279	438	0
159836	251070	279	438	0
159837	251135	280	436	0
159838	251209	280	434	0
159839	251307	280	434	0
159840	251410	280	434	0
159841	251472	280	433	0
159842	251566	280	431	0
159843	251642	280	429	0
159844	251720	280	427	0
159845	251782	281	425	0
159846	251859	281	422	0
159847	251932	282	420	0
159848	252007	282	418	0
159849	252071	282	417	0
159850	252142	282	415	0
159851	252237	282	413	0
159852	252301	282	406	0
159853	252373	281	403	0
159854	252473	281	399	0
159855	252543	281	396	0
159856	252613	280	390	0
159857	252692	280	386	0
159858	252759	278	381	0
159859	252837	278	377	0
159860	252909	278	373	0
159861	252978	276	368	0
159862	253072	275	363	0
159863	253134	274	358	0
159864	253228	273	352	0
159865	253270	271	346	0
159866	253350	271	345	0
159867	253412	269	337	0
159868	253497	268	333	0
159869	253565	266	326	0
159870	253631	265	321	0
159871	253690	265	317	0
159872	253762	264	314	0
159873	253831	262	308	0
159874	253873	262	303	0
159875	253967	260	301	0
159876	254063	259	296	0
159877	254122	258	289	0
159878	254184	257	287	0
159879	254273	256	284	0
159880	254356	255	277	0
159881	254397	255	272	0
159882	254472	254	268	0
159883	254557	254	263	0
159884	254625	253	260	0
159885	254693	251	253	0
159886	254750	251	251	0
159887	254804	250	247	0
159888	254905	249	243	0
159889	254969	248	239	0
159890	255038	248	234	0
159891	255107	246	227	0
159892	255165	245	224	0
159893	255233	245	223	0
159894	255298	243	220	0
159895	255375	243	219	0
159896	255473	241	215	0
159897	255536	239	212	0
159898	255604	239	208	0
159899	255670	240	205	0
159900	255762	240	203	0
159901	255835	240	196	0
159902	255902	240	190	0
159903	255989	240	188	0
159904	256049	240	179	0
159905	256119	240	174	0
159906	256170	240	169	0
159907	256236	239	167	0
159908	256302	239	162	0
159909	256399	239	158	0
159910	256491	239	151	0
159911	256567	239	143	0
159912	256642	239	139	0
159913	256721	238	133	0
159914	256779	238	129	0
159915	256838	238	124	0
159916	256919	238	119	0
159917	256994	238	111	0
159918	257059	238	109	0
159919	257127	237	103	0
159920	257195	237	95	0
159921	257264	237	93	0
159922	257359	236	86	0
159923	257410	236	80	0
159924	257480	235	78	0
159925	257557	235	74	0
159926	257620	235	68	0
159927	257694	235	65	0
159928	257762	235	62	0
159929	257812	235	57	0
159930	257904	235	55	0
159931	257976	235	48	0
159932	258061	235	43	0
159933	258121	234	36	0
159934	258206	233	34	0
159935	258270	233	29	0
159936	258366	233	32	0
159937	258471	233	34	0
159938	258535	232	34	0
159939	258618	233	36	0
159940	258689	233	36	0
159941	258747	232	37	0
159942	258823	229	36	0
159943	258895	228	38	0
159944	258988	227	38	0
159945	259062	226	39	0
159946	259130	226	39	0
159947	259226	225	40	0
159948	259293	225	40	0
159949	259351	225	40	0
159950	259430	225	40	0
159951	259495	225	40	0
159952	259533	224	40	0
159953	259601	224	40	0
159954	259683	224	40	0
159955	259744	224	40	0
159956	259799	224	40	0
159957	259887	224	40	0
159958	259951	224	40	0
159959	260008	224	40	0
159960	260091	223	41	0
159961	260159	219	45	0
159962	260242	218	45	0
159963	260355	214	48	0
159964	260418	211	50	0
159965	260476	208	52	0
159966	260530	208	52	0
159967	260590	208	52	0
159968	260661	208	52	0
159969	260730	208	52	0
159970	260797	208	52	0
159971	260870	208	52	0
159972	260925	208	52	0
159973	261021	208	52	0
159974	261096	208	52	0
159975	261172	207	53	0
159976	261263	207	53	0
159977	261348	207	53	0
159978	261401	207	53	0
159979	261471	207	53	0
159980	261542	207	53	0
159981	261628	207	53	0
159982	261701	207	52	0
159983	261767	208	52	0
159984	261854	208	52	0
159985	261933	209	52	0
159986	261997	208	52	0
159987	262066	208	52	0
159988	262125	209	52	0
159989	262193	208	52	0
159990	262288	208	52	0
159991	262358	207	53	0
159992	262401	207	54	0
159993	262495	207	56	0
159994	262558	206	58	0
159995	262623	206	62	0
159996	262694	206	67	0
159997	262754	206	70	0
159998	262834	206	73	0
159999	262892	206	77	0
160000	262959	206	81	0
160001	263024	206	83	0
160002	263089	206	88	0
160003	263171	207	92	0
160004	263252	207	95	0
160005	263315	207	99	0
160006	263379	208	105	0
160007	263488	210	109	0
160008	263564	210	115	0
160009	263658	211	118	0
160010	263728	212	124	0
160011	263797	213	131	0
160012	263886	214	135	0
160013	263960	215	143	0
160014	264039	216	146	0
160015	264113	218	154	0
160016	264223	219	158	0
160017	264288	222	167	0
160018	264354	223	172	0
160019	264428	224	177	0
160020	264499	224	179	0
160021	264567	226	187	0
160022	264650	228	190	0
160023	264720	230	200	0
160024	264791	232	207	0
160025	264865	233	212	0
160026	264935	234	217	0
160027	265000	236	223	0
160028	265088	237	228	0
160029	265186	238	232	0
160030	265259	240	243	0
160031	265326	241	246	0
160032	265393	244	255	0
160033	265499	245	260	0
160034	265584	247	268	0
160035	265634	248	274	0
160036	265699	248	276	0
160037	265798	250	284	0
160038	265863	252	292	0
160039	265981	253	297	0
160040	266053	254	305	0
160041	266126	255	309	0
160042	266187	256	314	0
160043	266248	258	322	0
160044	266316	259	328	0
160045	266384	260	332	0
160046	266466	260	337	0
160047	266525	261	342	0
160048	266625	262	348	0
160049	266684	262	356	0
160050	266751	263	361	0
160051	266815	263	364	0
160052	266860	264	373	0
160053	266929	264	376	0
160054	267000	264	378	0
160055	267083	264	386	0
160056	267150	265	393	0
160057	267215	265	397	0
160058	267288	266	397	0
160059	267357	266	398	0
160060	267453	266	398	0
160061	267514	266	398	0
160062	267574	266	398	0
160063	267650	266	398	0
160064	267717	266	398	0
160065	267790	266	398	0
160066	267855	266	398	0
160067	267950	266	398	0
160068	268026	266	397	0
160069	268122	266	397	0
160070	268169	266	397	0
160071	268231	266	397	0
160072	268320	266	397	0
160073	268383	266	397	0
160074	268457	266	397	0
160075	268549	266	397	0
160076	268593	266	397	0
160077	268654	266	397	0
160078	268717	266	397	0
160079	268815	266	397	0
160080	268886	266	397	0
160081	268949	266	397	0
160082	269015	266	397	0
160083	269085	266	397	0
160084	269149	266	397	0
160085	269220	266	397	0
160086	269267	266	397	0
160087	269322	266	397	0
160088	269373	266	397	0
160089	269451	266	397	0
160090	269519	266	397	0
160091	269616	266	397	0
160092	269678	266	397	0
160093	269739	266	397	0
160094	269797	266	397	0
160095	269859	266	397	0
160096	269951	266	397	0
160097	270015	266	397	0
160098	270109	266	397	0
160099	270155	266	397	0
160100	270213	266	397	0
160101	270321	266	397	0
160102	270381	266	397	0
160103	270451	266	397	0
160104	270553	266	397	0
160105	270633	266	397	0
160106	270708	266	397	0
160107	270781	266	397	0
160108	270873	266	397	0
160109	270942	266	397	0
160110	271022	266	397	0
160111	271084	266	397	0
160112	271151	266	397	0
160113	271245	266	397	0
160114	271317	266	397	0
160115	271389	266	397	0
160116	271458	266	397	0
160117	271523	266	397	0
160118	271591	266	397	0
160119	271678	266	397	0
160120	271758	266	397	0
160121	271822	266	397	0
160122	271885	266	397	0
160123	271951	266	397	0
160124	272015	266	397	0
160125	272080	266	397	0
160126	272176	266	397	0
160127	272262	266	397	0
160128	272329	266	397	0
160129	272409	266	397	0
160130	272511	266	397	0
160131	272583	266	397	0
160132	272649	266	397	0
160133	272709	266	397	0
160134	272814	266	397	0
160135	272879	266	397	0
160136	272943	266	397	0
160137	273021	266	397	0
160138	273087	266	397	0
160139	273149	266	397	0
160140	273215	266	397	0
160141	273279	266	397	0
160142	273371	266	397	0
160143	273436	266	397	0
160144	273510	266	397	0
160145	273575	266	396	0
160146	273644	265	396	0
160147	273741	265	397	0
160148	273810	265	397	0
160149	273876	265	397	0
160150	273950	265	397	0
160151	274045	265	397	0
160152	274114	265	397	0
160153	274231	265	397	0
160154	274303	265	397	0
160155	274361	265	397	0
160156	274422	265	397	0
160157	274510	265	397	0
160158	274576	265	397	0
160159	274640	265	397	0
160160	274706	265	397	0
160161	274755	265	397	0
160162	274869	265	397	0
160163	274944	265	397	0
160164	275035	265	397	0
160165	275077	265	397	0
160166	275122	265	397	0
160167	275183	265	397	0
160168	275276	265	397	0
160169	275343	265	397	0
160170	275403	265	397	0
160171	275476	265	397	0
160172	275517	265	397	0
160173	275588	265	397	0
160174	275657	265	397	0
160175	275743	265	397	0
160176	275823	265	397	0
160177	275913	265	397	0
160178	275983	265	397	0
160179	276054	265	397	0
160180	276145	265	397	0
160181	276240	265	397	0
160182	276311	265	397	0
160183	276374	265	397	0
160184	276452	265	397	0
160185	276532	265	397	0
160186	276604	265	397	0
160187	276673	265	397	0
160188	276749	265	397	0
160189	276811	265	397	0
160190	276877	265	397	0
160191	276975	265	397	0
160192	277039	265	397	0
160193	277119	265	397	0
160194	277215	265	397	0
160195	277278	265	397	0
160196	277373	265	397	0
160197	277447	265	397	0
160198	277508	265	397	0
160199	277566	265	397	0
160200	277638	265	397	0
160201	277711	265	397	0
160202	277778	265	397	0
160203	277867	265	397	0
160204	277933	265	397	0
160205	277978	265	397	0
160206	278045	265	397	0
160207	278144	265	397	0
160208	278231	265	397	0
160209	278305	265	397	0
160210	278376	265	397	0
160211	278453	265	397	0
160212	278542	265	397	0
160213	278630	265	397	0
160214	278700	265	397	0
160215	278770	265	397	0
160216	278840	265	397	0
160217	278913	265	397	0
160218	278994	265	397	0
160219	279102	265	397	0
160220	279168	265	397	0
160221	279238	265	397	0
160222	279295	265	397	0
160223	279374	265	397	0
160224	279438	265	397	0
160225	279535	265	397	0
160226	279603	265	397	0
160227	279672	265	397	0
160228	279743	265	397	0
160229	279811	265	397	0
160230	279904	265	397	0
160231	279969	265	397	0
160232	280041	265	397	0
160233	280104	265	397	0
160234	280143	265	397	0
160235	280239	265	397	0
160236	280303	265	397	0
160237	280368	265	397	0
160238	280450	265	397	0
160239	280541	265	397	0
160240	280610	265	397	0
160241	280705	265	397	0
160242	280776	265	397	0
160243	280840	265	397	0
160244	280923	265	397	0
160245	280984	265	397	0
160246	281048	265	397	0
160247	281134	265	397	0
160248	281231	265	397	0
160249	281303	265	397	0
160250	281352	265	397	0
160251	281411	265	397	0
160252	281471	265	397	0
160253	281541	265	397	0
160254	281600	265	397	0
160255	281674	265	397	0
160256	281737	265	397	0
160257	281807	265	397	0
160258	281872	265	397	0
160259	281937	265	397	0
160260	282006	265	397	0
160261	282075	265	397	0
160262	282144	265	397	0
160263	282206	265	397	0
160264	282266	265	397	0
160265	282343	265	397	0
160266	282429	265	397	0
160267	282504	265	397	0
160268	282564	265	397	0
160269	282642	265	397	0
160270	282740	265	397	0
160271	282796	265	397	0
160272	282856	265	397	0
160273	282919	265	397	0
160274	282984	265	397	0
160275	283062	265	397	0
160276	283133	265	397	0
160277	283231	265	397	0
160278	283302	265	397	0
160279	283365	265	398	0
160280	283423	265	398	0
160281	283471	265	398	0
160282	283542	265	398	0
160283	283599	264	399	0
160284	283672	264	400	0
160285	283738	264	400	0
160286	283808	263	400	0
160287	283879	263	400	0
160288	283966	261	401	0
160289	284037	260	402	0
160290	284107	259	403	0
160291	284175	259	403	0
160292	284259	259	403	0
160293	284334	259	402	0
160294	284403	259	402	0
160295	284463	259	402	0
160296	284534	259	402	0
160297	284599	259	401	0
160298	284643	258	401	0
160299	284765	258	401	0
160300	284832	258	400	0
160301	284927	258	400	0
160302	284972	257	400	0
160303	285023	258	400	0
160304	285090	257	400	0
160305	285167	257	400	0
160306	285262	258	400	0
160307	285330	258	400	0
160308	285373	258	400	0
160309	285441	257	400	0
160310	285505	257	400	0
160311	285600	257	400	0
160312	285684	257	400	0
160313	285759	258	400	0
160314	285869	258	400	0
160315	285936	258	400	0
160316	286020	257	401	0
160317	286080	256	401	0
160318	286153	256	400	0
160319	286203	256	400	0
160320	286271	256	400	0
160321	286335	256	400	0
160322	286398	256	400	0
160323	286496	256	400	0
160324	286565	257	400	0
160325	286629	257	400	0
160326	286709	256	400	0
160327	286769	257	400	0
160328	286862	257	400	0
160329	286926	257	400	0
160330	286989	257	400	0
160331	287043	257	400	0
160332	287136	257	400	0
160333	287208	257	400	0
160334	287280	257	400	0
160335	287360	257	400	0
160336	287433	254	401	0
160337	287501	254	401	0
160338	287566	254	401	0
160339	287647	254	401	0
160340	287715	254	401	0
160341	287773	254	400	0
160342	287829	255	400	0
160343	287866	255	400	0
160344	287934	255	400	0
160345	288031	255	400	0
160346	288096	255	400	0
160347	288167	254	401	0
160348	288241	254	400	0
160349	288335	254	400	0
160350	288431	255	400	0
160351	288494	255	400	0
160352	288574	255	400	0
160353	288634	254	400	0
160354	288697	254	400	0
160355	288763	254	400	0
160356	288830	254	400	0
160357	288894	254	400	0
160358	288955	254	400	0
160359	289024	254	400	0
160360	289088	254	400	0
160361	289157	254	400	0
160362	289217	254	400	0
160363	289273	254	400	0
160364	289358	254	400	0
160365	289441	254	400	0
160366	289509	254	400	0
160367	289570	254	400	0
160368	289641	254	400	0
160369	289718	254	400	0
160370	289791	254	400	0
160371	289857	254	400	0
160372	289928	254	400	0
160373	289988	254	400	0
160374	290069	254	400	0
160375	290156	254	400	0
160376	290235	254	400	0
160377	290304	254	400	0
160378	290372	254	400	0
160379	290440	254	399	0
160380	290496	253	398	0
160381	290556	252	397	0
160382	290622	251	395	0
160383	290687	250	394	0
160384	290733	250	393	0
160385	290802	249	392	0
160386	290863	249	392	0
160387	290957	249	392	0
160388	291024	249	392	0
160389	291093	249	392	0
160390	291160	249	392	0
160391	291237	249	392	0
160392	291320	249	392	0
160393	291390	249	392	0
160394	291487	249	392	0
160395	291559	249	392	0
160396	291627	249	392	0
160397	291696	249	392	0
160398	291792	249	392	0
160399	291861	249	392	0
160400	291930	249	392	0
160401	292030	249	392	0
160402	292127	249	392	0
160403	292198	249	392	0
160404	292288	249	392	0
160405	292370	249	392	0
160406	292459	249	392	0
160407	292527	249	392	0
160408	292624	249	392	0
160409	292687	249	392	0
160410	292757	249	392	0
160411	292819	249	392	0
160412	292887	249	392	0
160413	292931	249	392	0
160414	293021	249	392	0
160415	293092	249	392	0
160416	293157	249	392	0
160417	293261	249	392	0
160418	293327	249	392	0
160419	293380	249	392	0
160420	293441	248	391	0
160421	293522	248	391	0
160422	293600	248	391	0
160423	293694	249	392	0
160424	293754	249	392	0
160425	293822	249	392	0
160426	293914	249	392	0
160427	293984	249	392	0
160428	294028	249	392	0
160429	294095	249	392	0
160430	294155	249	392	0
160431	294220	249	392	0
160432	294282	249	392	0
160433	294349	249	392	0
160434	294420	249	392	0
160435	294493	249	392	0
160436	294558	249	392	0
160437	294628	249	392	0
160438	294698	249	392	0
160439	294757	249	392	0
160440	294817	249	392	0
160441	294880	249	392	0
160442	294944	249	392	0
160443	295020	249	392	0
160444	295087	249	392	0
160445	295146	249	392	0
160446	295209	249	392	0
160447	295250	249	392	0
160448	295292	249	392	0
160449	295358	249	392	0
160450	295454	249	392	0
160451	295520	249	392	0
160452	295599	249	392	0
160453	295660	249	392	0
160454	295733	249	392	0
160455	295812	249	392	0
160456	295884	249	392	0
160457	295955	249	392	0
160458	296035	249	392	0
160459	296096	249	392	0
160460	296163	249	392	0
160461	296224	249	392	0
160462	296318	249	392	0
160463	296413	249	392	0
160464	296481	249	391	0
160465	296554	249	391	0
160466	296622	248	391	0
160467	296685	249	392	0
160468	296756	249	392	0
160469	296837	249	392	0
160470	296915	249	392	0
160471	296979	249	392	0
160472	297049	249	392	0
160473	297106	249	392	0
160474	297164	249	392	0
160475	297246	249	391	0
160476	297319	249	391	0
160477	297400	249	391	0
160478	297464	250	390	0
160479	297530	250	389	0
160480	297615	250	387	0
160481	297681	250	384	0
160482	297747	250	381	0
160483	297815	249	379	0
160484	297888	248	373	0
160485	297961	247	369	0
160486	298023	246	364	0
160487	298111	245	360	0
160488	298154	245	355	0
160489	298237	245	353	0
160490	298320	243	345	0
160491	298419	243	341	0
160492	298485	241	332	0
160493	298551	241	327	0
160494	298613	240	322	0
160495	298681	240	317	0
160496	298776	240	313	0
160497	298847	238	305	0
160498	298931	238	303	0
160499	299027	237	296	0
160500	299087	237	288	0
160501	299182	237	286	0
160502	299275	236	280	0
160503	299344	236	271	0
160504	299388	235	265	0
160505	299454	234	263	0
160506	299550	233	257	0
160507	299623	231	249	0
160508	299702	231	244	0
160509	299761	229	236	0
160510	299853	229	234	0
160511	299943	227	227	0
160512	300014	225	219	0
