frame	time	x	y	burst
15709	29	396	259	0
15710	94	397	259	0
15711	157	397	260	0
15712	207	396	262	0
15713	270	397	262	0
15714	312	396	267	0
15715	368	396	267	0
15716	429	396	270	0
15717	492	395	271	0
15718	556	396	273	0
15719	606	396	275	0
15720	664	395	276	0
15721	727	396	278	0
15722	797	395	280	0
15723	836	394	284	0
15724	869	393	286	0
15725	921	393	287	0
15726	983	393	288	0
15727	1038	393	290	0
15728	1102	393	292	0
15729	1163	392	294	0
15730	1230	393	296	0
15731	1268	393	297	0
15732	1352	392	299	0
15733	1410	391	302	0
15734	1472	391	306	0
15735	1532	391	308	0
15736	1602	391	310	0
15737	1660	391	313	0
15738	1725	390	315	0
15739	1788	390	318	0
15740	1845	389	322	0
15741	1904	389	324	0
15742	1944	390	325	0
15743	2007	389	327	0
15744	2063	389	328	0
15745	2124	389	330	0
15746	2189	388	334	0
15747	2240	388	335	0
15748	2303	387	338	0
15749	2366	387	339	0
15750	2431	387	343	0
15751	2497	387	346	0
15752	2554	387	349	0
15753	2619	388	350	0
15754	2677	386	356	0
15755	2740	386	358	0
15756	2802	386	360	0
15757	2861	386	364	0
15758	2921	385	366	0
15759	2963	385	370	0
15760	3022	385	372	0
15761	3076	385	373	0
15762	3138	384	375	0
15763	3198	384	377	0
15764	3262	384	378	0
15765	3322	385	381	0
15766	3390	385	385	0
15767	3448	384	389	0
15768	3511	384	393	0
15769	3572	384	397	0
15770	3632	382	400	0
15771	3695	381	407	0
15772	3731	381	409	0
15773	3787	381	412	0
15774	3849	381	413	0
15775	3903	379	416	0
15776	3968	379	416	0
15777	4035	379	416	0
15778	4088	378	415	0
15779	4154	379	414	0
15780	4217	379	413	0
15781	4271	379	413	0
15782	4309	379	413	0
15783	4373	379	413	0
15784	4431	379	411	0
15785	4499	379	411	0
15786	4556	379	411	0
15787	4621	379	410	0
15788	4685	379	410	0
15789	4734	379	410	0
15790	4774	379	410	0
15791	4836	379	409	0
15792	4901	379	409	0
15793	4958	378	408	0
15794	5011	378	408	0
15795	5054	378	407	0
15796	5113	378	407	0
15797	5173	378	407	0
15798	5236	378	407	0
15799	5299	378	408	0
15800	5357	378	407	0
15801	5421	378	407	0
15802	5481	378	406	0
15803	5541	378	406	0
15804	5599	378	405	0
15805	5638	378	405	0
15806	5697	378	405	0
15807	5757	378	405	0
15808	5820	377	405	0
15809	5880	377	404	0
15810	5940	376	404	0
15811	5997	373	403	0
15812	6063	373	402	0
15813	6130	373	401	0
15814	6188	373	399	0
15815	6253	372	399	0
15816	6316	371	397	0
15817	6373	370	395	0
15818	6430	369	393	0
15819	6469	369	392	0
15820	6526	369	390	0
15821	6565	368	389	0
15822	6620	368	386	0
15823	6684	368	385	0
15824	6740	368	384	0
15825	6803	367	381	0
15826	6864	367	380	0
15827	6957	367	377	0
15828	6997	366	374	0
15829	7051	366	372	0
15830	7117	366	369	0
15831	7172	366	369	0
15832	7233	365	367	0
15833	7286	365	366	0
15834	7359	365	364	0
15835	7418	364	361	0
15836	7480	364	360	0
15837	7541	364	359	0
15838	7596	364	357	0
15839	7667	364	356	0
15840	7732	364	354	0
15841	7790	363	353	0
15842	7841	363	352	0
15843	7906	362	350	0
15844	7971	362	349	0
15845	8030	362	348	0
15846	8092	362	346	0
15847	8136	362	345	0
15848	8193	361	343	0
15849	8253	361	339	0
15850	8317	360	338	0
15851	8381	360	334	0
15852	8435	359	329	0
15853	8494	359	328	0
15854	8558	358	325	0
15855	8598	358	324	0
15856	8655	357	320	0
15857	8717	357	317	0
15858	8779	356	315	0
15859	8833	355	311	0
15860	8894	355	310	0
15861	8955	354	307	0
15862	9015	353	305	0
15863	9076	353	302	0
15864	9119	352	299	0
15865	9174	352	298	0
15866	9211	351	295	0
15867	9261	350	294	0
15868	9338	350	292	0
15869	9399	349	288	0
15870	9460	349	285	0
15871	9523	348	281	0
15872	9587	347	278	0
15873	9643	346	274	0
15874	9697	346	271	0
15875	9758	345	267	0
15876	9819	345	263	0
15877	9880	345	260	0
15878	9948	343	256	0
15879	10003	343	250	0
15880	10067	342	243	0
15881	10125	342	239	0
15882	10188	341	232	0
15883	10248	340	227	0
15884	10310	339	224	0
15885	10367	338	218	0
15886	10428	337	211	0
15887	10475	337	205	0
15888	10532	337	202	0
15889	10596	337	196	0
15890	10660	336	190	0
15891	10718	337	184	0
15892	10780	337	181	0
15893	10844	337	173	0
15894	10901	336	167	0
15895	10961	336	163	0
15896	11022	336	157	0
15897	11085	335	150	0
15898	11146	335	147	0
15899	11202	335	140	0
15900	11263	335	134	0
15901	11325	334	128	0
15902	11394	334	125	0
15903	11454	334	114	0
15904	11518	334	112	0
15905	11580	334	107	0
15906	11639	333	101	0
15907	11698	332	97	0
15908	11761	332	90	0
15909	11826	331	83	0
15910	11886	330	78	0
15911	11946	329	74	0
15912	12004	329	74	0
15913	12062	328	71	0
15914	12127	327	66	0
15915	12190	327	63	0
15916	12253	327	58	0
15917	12318	327	54	0
15918	12375	327	50	0
15919	12436	327	47	0
15920	12496	326	48	0
15921	12534	325	48	0
15922	12592	325	49	0
15923	12630	326	50	0
15924	12693	326	51	0
15925	12751	326	52	0
15926	12788	325	52	0
15927	12842	325	53	0
15928	12903	326	54	0
15929	12989	326	55	0
15930	13032	326	56	0
15931	13066	325	57	0
15932	13128	324	59	0
15933	13183	323	61	0
15934	13244	322	63	0
15935	13304	322	68	0
15936	13395	322	73	0
15937	13459	322	81	0
15938	13519	322	86	0
15939	13586	322	90	0
15940	13644	322	96	0
15941	13705	322	99	0
15942	13744	322	104	0
15943	13797	320	110	0
15944	13854	319	113	0
15945	13891	318	116	0
15946	13954	317	121	0
15947	14012	316	125	0
15948	14076	315	130	0
15949	14125	315	134	0
15950	14196	312	136	0
15951	14255	310	140	0
15952	14318	306	144	0
15953	14357	303	148	0
15954	14413	302	150	0
15955	14467	298	155	0
15956	14529	295	157	0
15957	14597	292	162	0
15958	14655	291	163	0
15959	14726	288	168	0
15960	14785	285	172	0
15961	14839	282	172	0
15962	14908	281	172	0
15963	14968	277	172	0
15964	15024	273	172	0
15965	15075	270	171	0
15966	15122	267	171	0
15967	15180	266	171	0
15968	15243	261	171	0
15969	15309	257	170	0
15970	15363	250	166	0
15971	15423	250	163	0
15972	15467	249	160	0
15973	15525	247	158	0
15974	15587	244	152	0
15975	15645	242	148	0
15976	15708	240	145	0
15977	15771	239	140	0
15978	15855	235	135	0
15979	15893	230	125	0
15980	15953	229	122	0
15981	16018	227	118	0
15982	16075	223	113	0
15983	16135	222	111	0
15984	16204	220	107	0
15985	16254	219	105	0
15986	16317	218	103	0
15987	16376	217	101	0
15988	16438	217	101	0
15989	16500	217	101	0
15990	16562	217	101	0
15991	16646	217	101	0
15992	16704	217	101	0
15993	16763	217	101	0
15994	16824	217	101	0
15995	16877	217	101	0
15996	16940	217	101	0
15997	17000	217	101	0
15998	17087	217	101	0
15999	17125	217	101	0
16000	17184	217	101	0
16001	17247	217	101	0
16002	17307	217	101	0
16003	17372	217	101	0
16004	17436	217	101	0
16005	17505	217	101	0
16006	17565	217	101	0
16007	17625	217	101	0
16008	17685	217	101	0
16009	17737	217	101	0
16010	17790	217	101	0
16011	17854	217	101	0
16012	17893	217	101	0
16013	17950	217	101	0
16014	17989	217	101	0
16015	18047	217	101	0
16016	18114	217	101	0
16017	18169	217	101	0
16018	18246	217	101	0
16019	18321	217	101	0
16020	18386	217	101	0
16021	18451	217	101	0
16022	18523	217	101	0
16023	18571	217	101	0
16024	18637	217	101	0
16025	18698	217	101	0
16026	18754	217	101	0
16027	18818	217	101	0
16028	18883	217	101	0
16029	18940	217	101	0
16030	19004	217	101	0
16031	19068	217	101	0
16032	19124	217	101	0
16033	19188	217	101	0
16034	19245	217	101	0
16035	19309	217	101	0
16036	19348	217	101	0
16037	19404	217	101	0
16038	19472	217	101	0
16039	19532	217	101	0
16040	19591	217	101	0
16041	19652	217	101	0
16042	19716	217	101	0
16043	19771	217	101	0
16044	19831	217	101	0
16045	19869	217	101	0
16046	19924	217	101	0
16047	19985	217	101	0
16048	20050	217	101	0
16049	20115	217	101	0
16050	20172	217	101	0
16051	20209	216	101	0
16052	20269	216	101	0
16053	20341	216	100	0
16054	20405	216	101	0
16055	20470	216	101	0
16056	20533	216	101	0
16057	20584	216	101	0
16058	20637	216	101	0
16059	20700	216	101	0
16060	20752	216	101	0
16061	20819	216	101	0
16062	20884	216	101	0
16063	20945	216	101	0
16064	21002	216	100	0
16065	21063	216	100	0
16066	21127	215	100	0
16067	21213	215	100	0
16068	21252	216	100	0
16069	21311	216	101	0
16070	21372	216	100	0
16071	21429	216	101	0
16072	21500	216	101	0
16073	21558	215	100	0
16074	21620	215	100	0
16075	21676	215	100	0
16076	21741	215	100	0
16077	21798	215	100	0
16078	21869	215	100	0
16079	21928	215	100	0
16080	21985	215	100	0
16081	22053	215	100	0
16082	22113	215	100	0
16083	22173	215	100	0
16084	22213	215	100	0
16085	22266	215	100	0
16086	22318	215	100	0
16087	22387	216	100	0
16088	22462	216	100	0
16089	22520	215	100	0
16090	22580	215	100	0
16091	22639	215	100	0
16092	22698	215	100	0
16093	22759	216	100	0
16094	22819	216	101	0
16095	22881	216	101	0
16096	22943	216	101	0
16097	23006	216	101	0
16098	23046	216	101	0
16099	23097	216	101	0
16100	23134	216	101	0
16101	23183	216	101	0
16102	23253	216	101	0
16103	23310	216	101	0
16104	23353	216	101	0
16105	23411	216	101	0
16106	23467	216	101	0
16107	23528	216	101	0
16108	23601	216	101	0
16109	23656	216	101	0
16110	23715	216	101	0
16111	23780	216	101	0
16112	23842	216	101	0
16113	23900	216	101	0
16114	23964	216	101	0
16115	24027	216	101	0
16116	24081	216	101	0
16117	24145	216	101	0
16118	24183	216	101	0
16119	24241	216	101	0
16120	24300	216	100	0
16121	24365	215	100	0
16122	24429	215	100	0
16123	24479	215	100	0
16124	24541	215	100	0
16125	24599	215	100	0
16126	24671	215	100	0
16127	24706	216	100	0
16128	24790	215	100	0
16129	24851	215	100	0
16130	24915	215	100	0
16131	24979	215	100	0
16132	25043	215	100	0
16133	25108	215	100	0
16134	25161	215	100	0
16135	25224	216	100	0
16136	25289	215	100	0
16137	25349	215	100	0
16138	25405	215	100	0
16139	25472	215	100	0
16140	25540	215	100	0
16141	25598	215	100	0
16142	25661	215	100	0
16143	25710	215	100	0
16144	25746	216	100	0
16145	25808	215	100	0
16146	25871	215	100	0
16147	25937	215	100	0
16148	25996	215	100	0
16149	26060	215	100	0
16150	26120	215	100	0
16151	26186	215	100	0
16152	26245	215	100	0
16153	26303	215	100	0
16154	26342	215	100	0
16155	26397	215	100	0
16156	26462	215	100	0
16157	26522	215	100	0
16158	26582	215	100	0
16159	26638	215	100	0
16160	26707	215	100	0
16161	26764	215	100	0
16162	26828	215	100	0
16163	26892	215	100	0
16164	26950	215	100	0
16165	27013	215	100	0
16166	27073	215	100	0
16167	27135	215	101	0
16168	27213	215	101	0
16169	27281	214	100	0
16170	27343	214	100	0
16171	27382	214	100	0
16172	27441	214	100	0
16173	27502	214	100	0
16174	27566	215	101	0
16175	27625	215	101	0
16176	27713	215	101	0
16177	27780	214	100	0
16178	27845	214	100	0
16179	27905	214	100	0
16180	27966	214	100	0
16181	28004	215	101	0
16182	28047	215	101	0
16183	28138	215	100	0
16184	28179	215	100	0
16185	28239	215	100	0
16186	28301	215	100	0
16187	28347	215	100	0
16188	28384	215	100	0
16189	28452	215	100	0
16190	28524	215	100	0
16191	28580	215	100	0
16192	28639	215	100	0
16193	28708	215	100	0
16194	28769	215	101	0
16195	28834	215	101	0
16196	28885	215	101	0
16197	28920	215	101	0
16198	28956	215	101	0
16199	28990	215	101	0
16200	29039	215	101	0
16201	29075	215	101	0
16202	29108	215	102	0
16203	29164	215	102	0
16204	29203	215	102	0
16205	29236	216	103	0
16206	29292	214	104	0
16207	29332	214	104	0
16208	29376	213	106	0
16209	29418	213	107	0
16210	29486	213	107	0
16211	29552	213	107	0
16212	29634	213	107	0
16213	29704	213	107	0
16214	29777	213	107	0
16215	29844	213	107	0
16216	29912	213	107	0
16217	29973	213	107	0
16218	30051	213	107	0
16219	30102	213	107	0
16220	30182	213	107	0
16221	30241	213	107	0
16222	30301	213	107	0
16223	30344	213	107	0
16224	30407	213	107	0
16225	30492	213	107	0
16226	30557	213	107	0
16227	30622	213	107	0
16228	30680	213	107	0
16229	30741	213	107	0
16230	30806	213	107	0
16231	30863	213	107	0
16232	30900	213	107	0
16233	30964	213	107	0
16234	31032	213	107	0
16235	31108	213	107	0
16236	31172	214	107	0
16237	31234	214	107	0
16238	31293	214	107	0
16239	31356	214	107	0
16240	31412	214	107	0
16241	31475	214	107	0
16242	31529	214	107	0
16243	31584	214	107	0
16244	31640	213	108	0
16245	31727	213	108	0
16246	31822	213	108	0
16247	31891	213	108	0
16248	31970	213	108	0
16249	32036	213	108	0
16250	32090	214	108	0
16251	32156	214	108	0
16252	32221	214	108	0
16253	32274	214	108	0
16254	32342	214	108	0
16255	32403	214	108	0
16256	32469	214	108	0
16257	32557	213	109	0
16258	32621	213	109	0
16259	32680	213	109	0
16260	32773	213	109	0
16261	32842	214	109	0
16262	32935	214	109	0
16263	32991	214	109	0
16264	33086	214	109	0
16265	33141	214	109	0
16266	33209	214	109	0
16267	33299	214	109	0
16268	33356	214	109	0
16269	33422	214	109	0
16270	33486	214	109	0
16271	33544	214	109	0
16272	33606	214	109	0
16273	33669	214	109	0
16274	33733	214	109	0
16275	33792	214	109	0
16276	33855	214	109	0
16277	33937	214	109	0
16278	33977	214	109	0
16279	34060	214	109	0
16280	34162	214	109	0
16281	34255	214	109	0
16282	34316	214	109	0
16283	34368	214	109	0
16284	34436	214	109	0
16285	34498	215	109	0
16286	34563	214	110	0
16287	34621	214	110	0
16288	34685	214	110	0
16289	34753	214	110	0
16290	34836	214	110	0
16291	34901	214	110	0
16292	34964	214	110	0
16293	35027	214	110	0
16294	35098	214	110	0
16295	35169	214	110	0
16296	35232	214	110	0
16297	35277	214	110	0
16298	35361	214	110	0
16299	35421	214	110	0
16300	35476	214	110	0
16301	35547	214	110	0
16302	35602	214	110	0
16303	35690	214	110	0
16304	35776	214	110	0
16305	35842	214	110	0
16306	35915	214	110	0
16307	36005	214	110	0
16308	36062	214	110	0
16309	36131	214	110	0
16310	36220	214	110	0
16311	36286	214	110	0
16312	36351	214	110	0
16313	36405	214	110	0
16314	36471	214	110	0
16315	36558	214	110	0
16316	36631	214	110	0
16317	36684	214	110	0
16318	36750	214	110	0
16319	36809	214	110	0
16320	36896	214	110	0
16321	36964	214	111	0
16322	37029	214	112	0
16323	37085	214	113	0
16324	37147	215	114	0
16325	37238	214	116	0
16326	37300	214	115	0
16327	37362	214	115	0
16328	37435	214	116	0
16329	37488	214	115	0
16330	37579	214	116	0
16331	37666	214	116	0
16332	37731	214	115	0
16333	37792	214	115	0
16334	37836	214	115	0
16335	37905	214	116	0
16336	37992	214	117	0
16337	38068	214	117	0
16338	38132	214	117	0
16339	38194	214	117	0
16340	38259	214	117	0
16341	38317	214	117	0
16342	38382	214	117	0
16343	38450	214	117	0
16344	38526	214	117	0
16345	38596	214	117	0
16346	38660	214	117	0
16347	38781	215	117	0
16348	38847	215	117	0
16349	38902	215	117	0
16350	38979	215	117	0
16351	39052	215	117	0
16352	39133	215	117	0
16353	39232	215	117	0
16354	39316	215	117	0
16355	39389	215	117	0
16356	39470	215	117	0
16357	39582	214	117	0
16358	39646	214	117	0
16359	39713	214	117	0
16360	39788	214	117	0
16361	39871	214	117	0
16362	39981	214	117	0
16363	40046	214	117	0
16364	40101	214	117	0
16365	40165	214	117	0
16366	40227	214	117	0
16367	40292	214	117	0
16368	40347	214	117	0
16369	40413	214	117	0
16370	40479	214	117	0
16371	40530	214	117	0
16372	40628	214	117	0
16373	40726	215	117	0
16374	40785	215	117	0
16375	40853	215	117	0
16376	40924	215	117	0
16377	40991	215	117	0
16378	41060	216	117	0
16379	41126	216	117	0
16380	41185	216	117	0
16381	41246	215	117	0
16382	41310	215	117	0
16383	41364	215	117	0
16384	41429	215	117	0
16385	41493	214	117	0
16386	41567	215	117	0
16387	41634	215	118	0
16388	41728	215	118	0
16389	41796	215	118	0
16390	41860	215	118	0
16391	41924	215	118	0
16392	41985	215	118	0
16393	42033	215	118	0
16394	42108	215	118	0
16395	42170	215	118	0
16396	42230	215	118	0
16397	42293	215	118	0
16398	42356	215	118	0
16399	42413	215	118	0
16400	42481	215	118	0
16401	42544	215	118	0
16402	42601	215	118	0
16403	42662	216	118	0
16404	42726	216	118	0
16405	42788	216	118	0
16406	42847	216	118	0
16407	42909	216	118	0
16408	42963	216	118	0
16409	43060	216	118	0
16410	43121	216	118	0
16411	43189	216	118	0
16412	43251	216	118	0
16413	43327	216	118	0
16414	43400	216	118	0
16415	43492	216	118	0
16416	43567	216	118	0
16417	43644	216	118	0
16418	43742	216	118	0
16419	43796	216	118	0
16420	43857	216	118	0
16421	43924	216	118	0
16422	43988	215	118	0
16423	44081	215	118	0
16424	44153	215	118	0
16425	44231	215	118	0
16426	44291	215	118	0
16427	44356	215	119	0
16428	44420	215	118	0
16429	44494	215	118	0
16430	44566	215	118	0
16431	44632	215	118	0
16432	44739	215	118	0
16433	44814	215	118	0
16434	44910	215	118	0
16435	44973	215	118	0
16436	45025	215	118	0
16437	45098	215	118	0
16438	45155	215	118	0
16439	45216	215	118	0
16440	45277	215	118	0
16441	45340	215	118	0
16442	45408	215	118	0
16443	45490	215	118	0
16444	45553	215	118	0
16445	45594	215	118	0
16446	45652	215	118	0
16447	45721	215	118	0
16448	45792	215	118	0
16449	45894	215	118	0
16450	45986	215	118	0
16451	46052	215	118	0
16452	46143	215	118	0
16453	46205	215	118	0
16454	46275	215	118	0
16455	46387	215	118	0
16456	46486	215	118	0
16457	46541	215	119	0
16458	46612	215	118	0
16459	46692	215	118	0
16460	46757	215	118	0
16461	46821	215	118	0
16462	46884	215	118	0
16463	46941	215	118	0
16464	47037	215	118	0
16465	47091	215	118	0
16466	47156	215	118	0
16467	47222	215	118	0
16468	47296	215	118	0
16469	47371	215	118	0
16470	47449	215	118	0
16471	47500	215	118	0
16472	47559	215	118	0
16473	47622	215	118	0
16474	47683	215	118	0
16475	47742	215	118	0
16476	47806	215	118	0
16477	47871	215	118	0
16478	47956	215	118	0
16479	48022	215	118	0
16480	48085	215	118	0
16481	48148	215	118	0
16482	48204	215	118	0
16483	48258	215	118	0
16484	48320	215	118	0
16485	48448	215	118	0
16486	48549	215	118	0
16487	48645	215	118	0
16488	48754	215	118	0
16489	48852	215	118	0
16490	48923	215	118	0
16491	48990	215	118	0
16492	49043	215	118	0
16493	49143	215	118	0
16494	49211	215	118	0
16495	49284	215	118	0
16496	49342	215	118	0
16497	49408	215	118	0
16498	49466	215	118	0
16499	49530	215	118	0
16500	49590	215	118	0
16501	49648	215	118	0
16502	49717	214	118	0
16503	49780	214	117	0
16504	49867	215	118	0
16505	49932	215	118	0
16506	49989	215	118	0
16507	50052	215	118	0
16508	50117	215	118	0
16509	50182	215	118	0
16510	50235	215	118	0
16511	50303	215	118	0
16512	50339	215	118	0
16513	50420	215	118	0
16514	50488	215	118	0
16515	50564	215	118	0
16516	50632	215	118	0
16517	50728	215	118	0
16518	50795	215	118	0
16519	50857	215	118	0
16520	50941	215	118	0
16521	51011	215	118	0
16522	51082	215	118	0
16523	51152	215	118	0
16524	51224	215	118	0
16525	51325	215	118	0
16526	51412	215	118	0
16527	51488	215	118	0
16528	51563	215	118	0
16529	51626	215	118	0
16530	51722	215	118	0
16531	51819	215	118	0
16532	51875	215	118	0
16533	51955	215	118	0
16534	52027	215	118	0
16535	52084	215	118	0
16536	52149	215	118	0
16537	52213	215	118	0
16538	52278	215	118	0
16539	52333	215	118	0
16540	52404	215	118	0
16541	52459	215	118	0
16542	52515	215	118	0
16543	52578	215	118	0
16544	52650	215	118	0
16545	52733	215	118	0
16546	52802	215	118	0
16547	52884	215	118	0
16548	52980	215	118	0
16549	53045	215	118	0
16550	53131	215	118	0
16551	53203	215	118	0
16552	53257	215	118	0
16553	53317	215	118	0
16554	53380	215	118	0
16555	53454	216	118	0
16556	53525	215	119	0
16557	53628	215	119	0
16558	53681	215	119	0
16559	53745	215	119	0
16560	53812	215	119	0
16561	53876	215	119	0
16562	53933	215	119	0
16563	54011	215	119	0
16564	54080	215	119	0
16565	54148	215	118	0
16566	54208	215	118	0
16567	54250	215	118	0
16568	54321	215	118	0
16569	54422	215	118	0
16570	54511	215	120	0
16571	54578	215	120	0
16572	54644	215	121	0
16573	54738	215	121	0
16574	54816	215	121	0
16575	54911	215	121	0
16576	54978	216	121	0
16577	55042	216	121	0
16578	55136	216	121	0
16579	55196	216	121	0
16580	55262	216	121	0
16581	55325	216	121	0
16582	55383	216	121	0
16583	55442	216	121	0
16584	55507	216	121	0
16585	55570	216	121	0
16586	55665	216	121	0
16587	55746	216	122	0
16588	55856	216	122	0
16589	55933	216	122	0
16590	56027	216	122	0
16591	56093	216	122	0
16592	56150	216	122	0
16593	56211	216	122	0
16594	56285	216	122	0
16595	56370	216	122	0
16596	56445	216	122	0
16597	56518	216	122	0
16598	56613	216	122	0
16599	56709	216	122	0
16600	56772	216	122	0
16601	56830	216	122	0
16602	56894	216	122	0
16603	56958	216	122	0
16604	57015	216	122	0
16605	57086	216	122	0
16606	57169	216	122	0
16607	57246	216	122	0
16608	57334	216	122	0
16609	57412	216	122	0
16610	57481	216	122	0
16611	57577	216	123	0
16612	57674	216	125	0
16613	57747	216	125	0
16614	57843	216	125	0
16615	57938	216	126	0
16616	58013	216	126	0
16617	58068	216	127	0
16618	58128	216	127	0
16619	58196	216	127	0
16620	58266	215	127	0
16621	58341	215	128	0
16622	58405	215	128	0
16623	58468	214	129	0
16624	58552	212	131	0
16625	58646	212	132	0
16626	58708	212	133	0
16627	58774	212	133	0
16628	58836	212	133	0
16629	58893	212	133	0
16630	58975	212	133	0
16631	59045	212	132	0
16632	59102	212	132	0
16633	59172	212	132	0
16634	59280	211	133	0
16635	59360	211	135	0
16636	59473	210	137	0
16637	59544	209	138	0
16638	59612	209	139	0
16639	59673	209	139	0
16640	59734	209	139	0
16641	59804	209	139	0
16642	59878	209	139	0
16643	59940	209	139	0
16644	60004	209	139	0
16645	60072	209	139	0
16646	60128	209	139	0
16647	60209	209	139	0
16648	60282	209	139	0
16649	60373	209	139	0
16650	60470	209	139	0
16651	60543	209	139	0
16652	60620	209	139	0
16653	60717	209	139	0
16654	60805	209	139	0
16655	60868	209	139	0
16656	60934	209	139	0
16657	61038	209	139	0
16658	61141	209	139	0
16659	61201	209	140	0
16660	61268	208	141	0
16661	61357	208	141	0
16662	61432	208	141	0
16663	61500	207	144	0
16664	61546	208	148	0
16665	61601	206	151	0
16666	61665	205	156	0
16667	61731	204	162	0
16668	61788	203	167	0
16669	61899	201	173	0
16670	61976	200	178	0
16671	62035	200	180	0
16672	62097	200	180	0
16673	62157	200	180	0
16674	62256	200	181	0
16675	62315	200	180	0
16676	62373	200	180	0
16677	62430	200	180	0
16678	62470	200	180	0
16679	62564	200	180	0
16680	62622	199	181	0
16681	62685	199	181	0
16682	62770	199	181	0
16683	62834	199	181	0
16684	62899	199	181	0
16685	62964	199	181	0
16686	63052	199	181	0
16687	63118	199	181	0
16688	63176	200	181	0
16689	63236	200	181	0
16690	63302	200	181	0
16691	63361	200	181	0
16692	63434	200	181	0
16693	63503	200	181	0
16694	63572	200	181	0
16695	63630	200	181	0
16696	63762	200	181	0
16697	63853	200	181	0
16698	63940	200	181	0
16699	64033	200	181	0
16700	64099	200	181	0
16701	64166	200	181	0
16702	64254	200	181	0
16703	64317	191	200	0
16704	64372	187	221	0
16705	64433	185	233	0
16706	64542	185	233	0
16707	64624	185	233	0
16708	64680	185	233	0
16709	64746	185	233	0
16710	64838	185	233	0
16711	64929	185	234	0
16712	64964	185	235	0
16713	65027	184	236	0
16714	65084	186	238	0
16715	65167	184	240	0
16716	65248	185	244	0
16717	65340	184	249	0
16718	65425	184	251	0
16719	65520	183	251	0
16720	65580	180	251	0
16721	65669	180	248	0
16722	65729	179	245	0
16723	65796	180	241	0
16724	65861	180	239	0
16725	65925	180	236	0
16726	66000	180	229	0
16727	66070	180	224	0
16728	66160	181	219	0
16729	66262	181	212	0
16730	66317	180	206	0
16731	66395	179	204	0
16732	66471	179	197	0
16733	66535	180	191	0
16734	66595	180	187	0
16735	66655	180	181	0
16736	66720	181	175	0
16737	66782	182	168	0
16738	66840	182	165	0
16739	66904	184	160	0
16740	66993	185	153	0
16741	67060	185	146	0
16742	67150	186	144	0
16743	67217	186	136	0
16744	67276	187	130	0
16745	67363	186	126	0
16746	67425	186	121	0
16747	67493	186	118	0
16748	67567	186	110	0
16749	67658	188	103	0
16750	67733	190	98	0
16751	67799	192	96	0
16752	67891	192	94	0
16753	67950	192	94	0
16754	68015	192	94	0
16755	68079	191	96	0
16756	68142	190	97	0
16757	68254	189	99	0
16758	68290	186	103	0
16759	68353	184	104	0
16760	68434	180	106	0
16761	68495	175	107	0
16762	68536	174	106	0
16763	68596	173	106	0
16764	68660	174	107	0
16765	68721	176	108	0
16766	68770	177	110	0
16767	68840	178	112	0
16768	68898	179	116	0
16769	68960	182	120	0
16770	69028	183	122	0
16771	69086	185	129	0
16772	69156	185	130	0
16773	69213	187	135	0
16774	69277	187	137	0
16775	69335	188	140	0
16776	69423	188	146	0
16777	69490	188	151	0
16778	69557	187	159	0
16779	69608	187	164	0
16780	69663	186	168	0
16781	69728	185	173	0
16782	69796	184	180	0
16783	69860	183	185	0
16784	69927	182	189	0
16785	69985	180	199	0
16786	70058	180	204	0
16787	70116	179	210	0
16788	70163	178	216	0
16789	70227	177	220	0
16790	70286	176	225	0
16791	70349	176	228	0
16792	70411	176	234	0
16793	70509	175	240	0
16794	70568	177	250	0
16795	70629	177	252	0
16796	70691	177	258	0
16797	70757	176	263	0
16798	70812	176	268	0
16799	70871	175	272	0
16800	70939	174	278	0
16801	70992	174	285	0
16802	71056	173	290	0
16803	71127	172	294	0
16804	71191	171	300	0
16805	71240	171	307	0
16806	71308	171	309	0
16807	71364	169	316	0
16808	71422	168	322	0
16809	71492	168	324	0
16810	71555	168	334	0
16811	71619	167	337	0
16812	71679	168	342	0
16813	71740	168	350	0
16814	71795	168	357	0
16815	71854	169	363	0
16816	71892	170	366	0
16817	71957	170	373	0
16818	72018	170	376	0
16819	72088	170	382	0
16820	72148	170	390	0
16821	72205	170	395	0
16822	72271	170	397	0
16823	72334	172	401	0
16824	72387	171	404	0
16825	72444	171	404	0
16826	72508	171	404	0
16827	72572	171	404	0
16828	72631	171	403	0
16829	72694	168	405	0
16830	72755	166	405	0
16831	72818	164	406	0
16832	72874	161	408	0
16833	72933	158	409	0
16834	73003	158	409	0
16835	73054	159	409	0
16836	73124	160	410	0
16837	73189	163	412	0
16838	73250	167	416	0
16839	73308	169	420	0
16840	73372	171	422	0
16841	73431	173	424	0
16842	73496	175	425	0
16843	73556	175	424	0
16844	73616	175	424	0
16845	73674	176	422	0
16846	73735	176	420	0
16847	73816	176	419	0
16848	73877	176	416	0
16849	73951	176	414	0
16850	74005	177	407	0
16851	74085	177	405	0
16852	74141	179	398	0
16853	74205	179	397	0
16854	74267	182	391	0
16855	74329	183	389	0
16856	74390	186	384	0
16857	74454	188	381	0
16858	74515	189	379	0
16859	74569	195	375	0
16860	74655	196	374	0
16861	74694	202	369	0
16862	74751	204	367	0
16863	74790	208	365	0
16864	74851	212	363	0
16865	74916	217	361	0
16866	74974	223	359	0
16867	75037	229	358	0
16868	75091	232	358	0
16869	75150	237	358	0
16870	75214	240	358	0
16871	75275	243	359	0
16872	75338	247	359	0
16873	75404	249	358	0
16874	75476	254	358	0
16875	75526	256	357	0
16876	75588	259	356	0
16877	75647	263	355	0
16878	75714	267	355	0
16879	75773	272	355	0
16880	75834	274	355	0
16881	75897	279	356	0
16882	75954	280	356	0
16883	76012	283	356	0
16884	76054	286	356	0
16885	76118	287	356	0
16886	76174	289	356	0
16887	76232	290	356	0
16888	76287	290	355	0
16889	76351	290	354	0
16890	76415	290	352	0
16891	76479	289	345	0
16892	76545	289	342	0
16893	76603	289	333	0
16894	76669	289	330	0
16895	76721	290	325	0
16896	76779	291	318	0
16897	76846	291	316	0
16898	76913	292	309	0
16899	76972	293	302	0
16900	77037	294	297	0
16901	77101	295	294	0
16902	77161	297	289	0
16903	77222	299	282	0
16904	77282	300	277	0
16905	77344	302	271	0
16906	77397	303	265	0
16907	77472	304	262	0
16908	77533	306	251	0
16909	77583	306	249	0
16910	77621	307	246	0
16911	77685	308	239	0
16912	77749	308	236	0
16913	77809	309	230	0
16914	77886	310	220	0
16915	77956	311	214	0
16916	78014	312	208	0
16917	78052	313	202	0
16918	78142	313	199	0
16919	78201	313	193	0
16920	78271	314	187	0
16921	78336	315	182	0
16922	78398	316	174	0
16923	78457	316	171	0
16924	78516	317	164	0
16925	78576	317	157	0
16926	78616	317	152	0
16927	78669	316	149	0
16928	78733	317	142	0
16929	78791	317	136	0
16930	78848	317	133	0
16931	78915	317	127	0
16932	78974	317	121	0
16933	79036	318	115	0
16934	79087	317	110	0
16935	79165	317	106	0
16936	79220	317	101	0
16937	79277	317	98	0
16938	79317	317	93	0
16939	79376	318	89	0
16940	79413	319	83	0
16941	79473	319	81	0
16942	79508	319	79	0
16943	79558	319	76	0
16944	79621	319	75	0
16945	79679	319	75	0
16946	79716	319	75	0
16947	79778	319	75	0
16948	79840	318	73	0
16949	79876	318	71	0
16950	79931	317	65	0
16951	79992	317	62	0
16952	80046	316	58	0
16953	80083	316	55	0
16954	80159	315	51	0
16955	80222	315	47	0
16956	80284	314	43	0
16957	80342	312	42	0
16958	80405	312	43	0
16959	80453	312	45	0
16960	80516	312	46	0
16961	80581	313	49	0
16962	80639	314	50	0
16963	80704	313	50	0
16964	80764	314	53	0
16965	80829	315	54	0
16966	80876	315	55	0
16967	80939	315	56	0
16968	80982	316	57	0
16969	81039	315	59	0
16970	81077	315	59	0
16971	81133	315	60	0
16972	81197	312	60	0
16973	81256	308	60	0
16974	81330	306	60	0
16975	81390	302	61	0
16976	81463	303	61	0
16977	81528	304	61	0
16978	81593	303	63	0
16979	81659	303	66	0
16980	81716	305	70	0
16981	81787	306	76	0
16982	81845	307	81	0
16983	81909	307	86	0
16984	81962	307	89	0
16985	82015	308	94	0
16986	82082	308	101	0
16987	82149	308	105	0
16988	82212	307	108	0
16989	82266	307	116	0
16990	82307	307	119	0
16991	82365	306	123	0
16992	82426	305	129	0
16993	82482	305	134	0
16994	82542	304	140	0
16995	82605	303	146	0
16996	82677	302	152	0
16997	82734	302	157	0
16998	82796	300	164	0
16999	82856	300	166	0
17000	82923	298	172	0
17001	82998	298	176	0
17002	83065	298	180	0
17003	83129	298	183	0
17004	83196	298	187	0
17005	83257	299	190	0
17006	83317	302	195	0
17007	83379	304	198	0
17008	83461	307	201	0
17009	83525	310	206	0
17010	83596	313	210	0
17011	83661	315	215	0
17012	83720	316	219	0
17013	83781	317	224	0
17014	83843	318	230	0
17015	83902	319	235	0
17016	83973	321	240	0
17017	84024	322	244	0
17018	84094	323	247	0
17019	84151	324	255	0
17020	84206	324	259	0
17021	84275	324	261	0
17022	84341	324	270	0
17023	84400	324	274	0
17024	84463	324	279	0
17025	84521	323	283	0
17026	84576	322	289	0
17027	84637	322	294	0
17028	84701	321	300	0
17029	84776	320	303	0
17030	84834	320	311	0
17031	84888	319	318	0
17032	84949	318	321	0
17033	85009	318	327	0
17034	85071	318	331	0
17035	85134	317	337	0
17036	85204	316	342	0
17037	85260	314	347	0
17038	85324	315	349	0
17039	85379	310	359	0
17040	85436	310	360	0
17041	85477	308	365	0
17042	85540	306	368	0
17043	85603	304	373	0
17044	85661	302	379	0
17045	85725	301	382	0
17046	85785	299	388	0
17047	85850	298	394	0
17048	85912	296	399	0
17049	85977	295	404	0
17050	86045	295	405	0
17051	86110	295	414	0
17052	86176	295	418	0
17053	86237	293	422	0
17054	86301	290	428	0
17055	86366	288	429	0
17056	86429	287	430	0
17057	86466	284	434	0
17058	86521	281	437	0
17059	86587	279	439	0
17060	86638	278	442	0
17061	86675	279	443	0
17062	86741	278	447	0
17063	86799	278	449	0
17064	86836	278	452	0
17065	86893	278	452	0
17066	86957	279	451	0
17067	87015	280	450	0
17068	87070	281	449	0
17069	87111	281	449	0
17070	87173	281	448	0
17071	87237	282	448	0
17072	87288	282	447	0
17073	87356	282	447	0
17074	87420	281	446	0
17075	87468	281	445	0
17076	87542	281	445	0
17077	87600	280	444	0
17078	87667	280	443	0
17079	87725	278	444	0
17080	87788	278	444	0
17081	87846	278	443	0
17082	87907	276	443	0
17083	87972	276	442	0
17084	88035	273	442	0
17085	88098	272	442	0
17086	88165	269	442	0
17087	88238	266	442	0
17088	88276	265	441	0
17089	88340	263	441	0
17090	88402	260	441	0
17091	88466	259	440	0
17092	88524	257	438	0
17093	88588	257	438	0
17094	88652	257	437	0
17095	88708	256	437	0
17096	88766	256	436	0
17097	88805	256	433	0
17098	88868	256	429	0
17099	88926	257	428	0
17100	88983	257	421	0
17101	89028	257	419	0
17102	89081	257	415	0
17103	89166	257	412	0
17104	89230	256	407	0
17105	89300	254	402	0
17106	89361	252	394	0
17107	89429	251	389	0
17108	89502	249	385	0
17109	89576	248	382	0
17110	89635	247	374	0
17111	89695	245	369	0
17112	89763	244	366	0
17113	89825	242	359	0
17114	89885	241	354	0
17115	89938	240	348	0
17116	90003	239	346	0
17117	90068	238	341	0
17118	90129	235	336	0
17119	90188	234	330	0
17120	90249	233	325	0
17121	90309	232	323	0
17122	90370	231	317	0
17123	90435	230	312	0
17124	90501	229	310	0
17125	90557	226	303	0
17126	90620	224	299	0
17127	90683	223	298	0
17128	90738	219	293	0
17129	90795	216	290	0
17130	90855	216	287	0
17131	90931	214	284	0
17132	90990	214	281	0
17133	91051	215	274	0
17134	91114	215	271	0
17135	91174	216	266	0
17136	91234	216	260	0
17137	91301	217	258	0
17138	91357	216	250	0
17139	91395	216	248	0
17140	91455	217	243	0
17141	91515	217	240	0
17142	91582	217	236	0
17143	91649	217	231	0
17144	91727	216	227	0
17145	91796	215	220	0
17146	91839	214	216	0
17147	91913	214	213	0
17148	91976	214	208	0
17149	92036	214	203	0
17150	92102	213	198	0
17151	92165	212	192	0
17152	92222	212	187	0
17153	92285	211	181	0
17154	92349	210	176	0
17155	92401	210	169	0
17156	92471	210	167	0
17157	92532	208	161	0
17158	92590	208	156	0
17159	92651	207	150	0
17160	92715	207	144	0
17161	92775	207	142	0
17162	92837	206	138	0
17163	92894	205	133	0
17164	92964	205	128	0
17165	93029	204	123	0
17166	93086	203	118	0
17167	93150	203	112	0
17168	93206	203	107	0
17169	93265	203	105	0
17170	93337	202	101	0
17171	93394	200	98	0
17172	93437	198	97	0
17173	93517	198	97	0
17174	93582	193	94	0
17175	93633	193	93	0
17176	93699	194	94	0
17177	93789	196	93	0
17178	93853	200	90	0
17179	93918	204	87	0
17180	93976	206	84	0
17181	94014	207	83	0
17182	94099	208	82	0
17183	94160	208	81	0
17184	94254	208	81	0
17185	94292	206	79	0
17186	94349	204	78	0
17187	94409	203	77	0
17188	94465	201	75	0
17189	94525	199	74	0
17190	94588	198	74	0
17191	94659	198	74	0
17192	94715	198	75	0
17193	94753	199	77	0
17194	94820	200	78	0
17195	94869	200	80	0
17196	94932	200	81	0
17197	94990	200	84	0
17198	95027	201	87	0
17199	95092	202	88	0
17200	95167	202	91	0
17201	95235	202	95	0
17202	95299	201	101	0
17203	95365	200	102	0
17204	95427	199	109	0
17205	95487	198	112	0
17206	95537	197	115	0
17207	95603	195	119	0
17208	95665	193	125	0
17209	95732	193	128	0
17210	95800	188	133	0
17211	95859	186	137	0
17212	95917	182	141	0
17213	95979	181	143	0
17214	96052	179	146	0
17215	96104	173	151	0
17216	96160	171	153	0
17217	96199	168	157	0
17218	96255	167	159	0
17219	96317	165	161	0
17220	96381	163	163	0
17221	96445	161	166	0
17222	96507	157	169	0
17223	96590	155	172	0
17224	96628	154	174	0
17225	96689	149	175	0
17226	96749	146	177	0
17227	96813	146	178	0
17228	96877	146	179	0
17229	96931	146	181	0
17230	96996	147	182	0
17231	97056	149	186	0
17232	97118	150	192	0
17233	97156	151	194	0
17234	97217	152	199	0
17235	97277	154	204	0
17236	97327	154	206	0
17237	97390	155	209	0
17238	97457	156	215	0
17239	97517	157	220	0
17240	97556	158	228	0
17241	97616	159	231	0
17242	97674	159	234	0
17243	97734	159	240	0
17244	97794	160	245	0
17245	97854	160	251	0
17246	97893	161	254	0
17247	97953	162	259	0
17248	98014	162	265	0
17249	98074	162	267	0
17250	98134	162	272	0
17251	98198	162	277	0
17252	98260	162	282	0
17253	98324	162	284	0
17254	98399	161	294	0
17255	98464	160	298	0
17256	98528	160	303	0
17257	98606	160	307	0
17258	98659	160	311	0
17259	98731	159	317	0
17260	98791	159	321	0
17261	98842	158	326	0
17262	98908	159	328	0
17263	98968	158	334	0
17264	99029	158	339	0
17265	99092	157	344	0
17266	99158	157	348	0
17267	99215	157	350	0
17268	99274	156	358	0
17269	99341	156	359	0
17270	99390	156	364	0
17271	99454	156	366	0
17272	99520	155	372	0
17273	99591	154	376	0
17274	99645	154	381	0
17275	99704	156	384	0
17276	99773	155	387	0
17277	99825	155	392	0
17278	99923	155	397	0
17279	99987	156	403	0
17280	100044	155	408	0
17281	100140	155	412	0
17282	100195	156	415	0
17283	100253	158	417	0
17284	100318	160	418	0
17285	100389	165	420	0
17286	100447	168	421	0
17287	100509	170	421	0
17288	100563	172	423	0
17289	100622	173	423	0
17290	100693	173	424	0
17291	100751	173	424	0
17292	100791	173	424	0
17293	100848	173	424	0
17294	100909	172	424	0
17295	100971	173	425	0
17296	101032	173	426	0
17297	101094	173	426	0
17298	101154	173	426	0
17299	101211	173	425	0
17300	101274	173	425	0
17301	101331	173	424	0
17302	101397	173	423	0
17303	101453	173	422	0
17304	101519	173	421	0
17305	101590	171	419	0
17306	101646	171	418	0
17307	101715	171	417	0
17308	101805	172	416	0
17309	101856	171	414	0
17310	101916	171	413	0
17311	102005	171	411	0
17312	102078	172	410	0
17313	102130	171	409	0
17314	102191	171	408	0
17315	102260	171	405	0
17316	102321	170	404	0
17317	102382	170	401	0
17318	102424	168	399	0
17319	102482	167	398	0
17320	102529	165	395	0
17321	102573	164	394	0
17322	102608	163	392	0
17323	102660	163	390	0
17324	102724	162	388	0
17325	102820	161	388	0
17326	102885	160	388	0
17327	102935	160	388	0
17328	102979	160	388	0
17329	103036	159	387	0
17330	103091	157	387	0
17331	103183	156	387	0
17332	103243	155	387	0
17333	103308	154	389	0
17334	103373	152	390	0
17335	103411	152	390	0
17336	103474	150	390	0
17337	103521	149	390	0
17338	103591	149	390	0
17339	103652	149	390	0
17340	103712	149	390	0
17341	103774	148	390	0
17342	103838	148	390	0
17343	103892	148	390	0
17344	103950	148	390	0
17345	104018	148	390	0
17346	104078	148	390	0
17347	104115	148	390	0
17348	104165	148	390	0
17349	104225	148	390	0
17350	104287	148	390	0
17351	104352	148	390	0
17352	104415	148	390	0
17353	104476	148	390	0
17354	104516	148	390	0
17355	104579	148	391	0
17356	104638	148	391	0
17357	104701	148	390	0
17358	104750	148	390	0
17359	104791	148	390	0
17360	104849	148	390	0
17361	104907	147	390	0
17362	104972	147	390	0
17363	105031	147	390	0
17364	105100	147	390	0
17365	105188	148	389	0
17366	105246	148	385	0
17367	105311	148	381	0
17368	105371	148	376	0
17369	105435	149	370	0
17370	105501	150	366	0
17371	105560	150	361	0
17372	105622	150	358	0
17373	105682	151	353	0
17374	105747	151	349	0
17375	105806	152	346	0
17376	105868	153	339	0
17377	105922	153	337	0
17378	105993	154	332	0
17379	106050	155	327	0
17380	106111	157	322	0
17381	106176	157	319	0
17382	106232	159	313	0
17383	106282	159	310	0
17384	106347	159	307	0
17385	106387	161	303	0
17386	106485	162	301	0
17387	106544	164	295	0
17388	106611	165	290	0
17389	106669	167	284	0
17390	106729	167	281	0
17391	106788	168	276	0
17392	106846	168	271	0
17393	106910	168	268	0
17394	106975	170	259	0
17395	107036	172	254	0
17396	107097	173	248	0
17397	107165	173	246	0
17398	107216	175	238	0
17399	107281	175	236	0
17400	107379	175	231	0
17401	107437	176	224	0
17402	107501	177	220	0
17403	107564	178	214	0
17404	107613	179	208	0
17405	107679	179	206	0
17406	107743	180	200	0
17407	107814	180	195	0
17408	107872	180	189	0
17409	107938	180	184	0
17410	108001	181	179	0
17411	108055	182	172	0
17412	108113	183	170	0
17413	108174	184	165	0
17414	108241	184	162	0
17415	108297	185	157	0
17416	108364	186	152	0
17417	108421	187	145	0
17418	108483	188	142	0
17419	108542	188	138	0
17420	108582	189	133	0
17421	108644	190	130	0
17422	108694	191	125	0
17423	108761	191	122	0
17424	108824	191	116	0
17425	108876	192	112	0
17426	108949	193	108	0
17427	109007	194	103	0
17428	109046	195	101	0
17429	109100	197	98	0
17430	109165	197	94	0
17431	109228	197	90	0
17432	109284	197	89	0
17433	109343	198	84	0
17434	109382	198	79	0
17435	109443	197	78	0
17436	109509	195	74	0
17437	109583	194	71	0
17438	109648	192	69	0
17439	109708	189	65	0
17440	109749	188	63	0
17441	109810	188	61	0
17442	109871	188	59	0
17443	109933	192	54	0
17444	109994	193	53	0
17445	110058	195	51	0
17446	110111	195	51	0
17447	110180	195	51	0
17448	110244	194	51	0
17449	110307	194	52	0
17450	110361	193	52	0
17451	110425	193	53	0
17452	110484	192	54	0
17453	110543	192	55	0
17454	110615	192	55	0
17455	110671	192	57	0
17456	110732	191	58	0
17457	110796	191	60	0
17458	110861	191	60	0
17459	110910	190	63	0
17460	110950	190	64	0
17461	111011	189	65	0
17462	111057	188	68	0
17463	111126	185	69	0
17464	111194	183	72	0
17465	111261	180	74	0
17466	111317	178	76	0
17467	111374	176	77	0
17468	111441	175	77	0
17469	111507	175	76	0
17470	111566	174	75	0
17471	111629	174	73	0
17472	111687	174	69	0
17473	111743	174	66	0
17474	111805	173	64	0
17475	111874	173	61	0
17476	111935	172	61	0
17477	111972	171	62	0
17478	112029	173	64	0
17479	112083	174	65	0
17480	112150	175	65	0
17481	112206	175	67	0
17482	112275	175	69	0
17483	112341	176	70	0
17484	112399	175	72	0
17485	112456	174	74	0
17486	112522	173	76	0
17487	112621	174	78	0
17488	112681	175	82	0
17489	112749	174	86	0
17490	112798	174	90	0
17491	112859	173	94	0
17492	112922	171	99	0
17493	112972	170	101	0
17494	113041	168	105	0
17495	113107	167	109	0
17496	113166	165	112	0
17497	113246	164	113	0
17498	113301	162	117	0
17499	113368	162	119	0
17500	113413	162	122	0
17501	113473	162	122	0
17502	113539	162	124	0
17503	113598	162	129	0
17504	113635	162	131	0
17505	113692	164	135	0
17506	113754	165	137	0
17507	113813	167	142	0
17508	113903	168	144	0
17509	113974	171	151	0
17510	114025	172	158	0
17511	114083	172	161	0
17512	114153	174	166	0
17513	114209	174	172	0
17514	114274	174	176	0
17515	114337	175	181	0
17516	114403	175	185	0
17517	114463	176	189	0
17518	114525	176	193	0
17519	114589	177	198	0
17520	114642	177	201	0
17521	114703	177	203	0
17522	114766	177	204	0
17523	114837	177	210	0
17524	114894	177	215	0
17525	114964	177	219	0
17526	115043	177	223	0
17527	115104	177	227	0
17528	115144	175	230	0
17529	115202	175	232	0
17530	115260	173	238	0
17531	115324	173	242	0
17532	115389	172	247	0
17533	115438	171	252	0
17534	115485	170	255	0
17535	115541	170	258	0
17536	115602	169	263	0
17537	115646	168	269	0
17538	115682	168	271	0
17539	115752	168	273	0
17540	115818	167	278	0
17541	115874	167	282	0
17542	115940	166	288	0
17543	116004	166	292	0
17544	116063	166	294	0
17545	116126	165	299	0
17546	116190	164	306	0
17547	116245	163	308	0
17548	116307	165	311	0
17549	116357	165	315	0
17550	116430	166	317	0
17551	116493	165	322	0
17552	116551	166	327	0
17553	116620	165	330	0
17554	116670	166	334	0
17555	116732	167	339	0
17556	116805	168	341	0
17557	116865	171	347	0
17558	116929	173	350	0
17559	116989	176	357	0
17560	117051	176	358	0
17561	117109	178	365	0
17562	117174	178	366	0
17563	117235	179	369	0
17564	117302	181	374	0
17565	117354	181	378	0
17566	117414	182	380	0
17567	117474	182	382	0
17568	117533	181	384	0
17569	117603	180	385	0
17570	117664	178	388	0
17571	117725	177	389	0
17572	117787	174	392	0
17573	117852	173	393	0
17574	117904	169	394	0
17575	117970	169	393	0
17576	118037	165	393	0
17577	118104	161	393	0
17578	118158	160	392	0
17579	118218	158	391	0
17580	118285	158	390	0
17581	118336	158	389	0
17582	118418	158	386	0
17583	118480	157	384	0
17584	118529	158	381	0
17585	118588	158	377	0
17586	118642	158	375	0
17587	118685	157	371	0
17588	118738	157	367	0
17589	118798	156	366	0
17590	118861	156	364	0
17591	118926	155	359	0
17592	118984	154	356	0
17593	119042	153	354	0
17594	119114	152	350	0
17595	119170	151	346	0
17596	119233	150	345	0
17597	119297	149	343	0
17598	119356	148	338	0
17599	119420	146	333	0
17600	119485	146	331	0
17601	119542	144	323	0
17602	119606	143	322	0
17603	119665	142	316	0
17604	119726	141	310	0
17605	119765	141	308	0
17606	119822	141	303	0
17607	119880	141	301	0
17608	119938	141	296	0
17609	119998	141	290	0
17610	120037	141	287	0
17611	120104	141	285	0
17612	120162	141	277	0
17613	120220	141	272	0
17614	120281	141	270	0
17615	120339	141	265	0
17616	120402	140	260	0
17617	120460	140	258	0
17618	120527	139	252	0
17619	120591	139	244	0
17620	120648	138	240	0
17621	120707	137	239	0
17622	120769	136	233	0
17623	120831	135	229	0
17624	120897	133	226	0
17625	120965	132	223	0
17626	121037	132	221	0
17627	121115	133	215	0
17628	121173	133	212	0
17629	121237	132	209	0
17630	121294	131	208	0
17631	121332	130	207	0
17632	121395	131	204	0
17633	121451	131	202	0
17634	121515	132	196	0
17635	121581	132	193	0
17636	121630	132	191	0
17637	121699	131	192	0
17638	121765	131	191	0
17639	121824	131	191	0
17640	121884	130	191	0
17641	121949	129	191	0
17642	122010	128	191	0
17643	122100	124	189	0
17644	122162	122	189	0
17645	122196	122	189	0
17646	122254	122	189	0
17647	122317	123	188	0
17648	122376	124	188	0
17649	122436	126	185	0
17650	122498	128	181	0
17651	122558	129	178	0
17652	122619	130	175	0
17653	122684	132	170	0
17654	122744	133	166	0
17655	122808	134	160	0
17656	122864	135	156	0
17657	122936	136	151	0
17658	122998	138	147	0
17659	123058	138	145	0
17660	123116	140	138	0
17661	123180	140	136	0
17662	123234	140	131	0
17663	123301	141	126	0
17664	123359	141	123	0
17665	123421	141	119	0
17666	123484	142	116	0
17667	123549	143	112	0
17668	123612	142	110	0
17669	123670	142	109	0
17670	123733	142	109	0
17671	123796	142	108	0
17672	123854	140	106	0
17673	123894	138	104	0
17674	123949	137	102	0
17675	124011	137	102	0
17676	124066	136	101	0
17677	124128	136	102	0
17678	124191	136	102	0
17679	124262	136	102	0
17680	124316	137	103	0
17681	124375	138	102	0
17682	124444	139	101	0
17683	124498	141	100	0
17684	124564	144	99	0
17685	124628	147	97	0
17686	124693	150	94	0
17687	124758	151	93	0
17688	124830	155	88	0
17689	124905	156	86	0
17690	124967	158	84	0
17691	125021	159	82	0
17692	125082	159	81	0
17693	125149	161	77	0
17694	125213	163	72	0
17695	125272	164	70	0
17696	125363	164	66	0
17697	125423	166	61	0
17698	125492	167	61	0
17699	125554	167	62	0
17700	125588	168	63	0
17701	125672	168	64	0
17702	125754	169	65	0
17703	125823	168	67	0
17704	125886	168	70	0
17705	125947	166	70	0
17706	126015	165	71	0
17707	126076	165	73	0
17708	126132	163	75	0
17709	126192	163	77	0
17710	126255	163	79	0
17711	126318	163	81	0
17712	126358	162	83	0
17713	126412	161	87	0
17714	126479	160	89	0
17715	126537	160	93	0
17716	126593	160	97	0
17717	126662	160	99	0
17718	126725	161	103	0
17719	126784	161	105	0
17720	126846	161	110	0
17721	126908	161	112	0
17722	126969	162	117	0
17723	127027	162	121	0
17724	127084	162	123	0
17725	127157	165	130	0
17726	127215	165	134	0
17727	127278	166	140	0
17728	127341	167	144	0
17729	127397	167	146	0
17730	127455	167	149	0
17731	127519	169	156	0
17732	127588	170	160	0
17733	127645	170	162	0
17734	127699	171	167	0
17735	127763	172	171	0
17736	127828	173	175	0
17737	127887	174	177	0
17738	127925	175	181	0
17739	127988	175	186	0
17740	128040	175	188	0
17741	128095	176	192	0
17742	128174	177	196	0
17743	128225	178	203	0
17744	128294	179	205	0
17745	128357	180	209	0
17746	128414	181	214	0
17747	128468	182	218	0
17748	128530	182	219	0
17749	128602	185	223	0
17750	128692	186	228	0
17751	128752	187	231	0
17752	128815	190	238	0
17753	128866	192	240	0
17754	128941	194	244	0
17755	128996	195	247	0
17756	129060	196	251	0
17757	129123	197	255	0
17758	129181	199	258	0
17759	129245	199	260	0
17760	129306	200	263	0
17761	129369	202	267	0
17762	129428	203	271	0
17763	129501	205	275	0
17764	129588	207	280	0
17765	129663	209	285	0
17766	129734	209	287	0
17767	129800	209	287	0
17768	129853	209	287	0
17769	129900	209	287	0
17770	129956	209	287	0
17771	130021	209	287	0
17772	130079	209	287	0
17773	130141	209	287	0
17774	130198	209	287	0
17775	130254	209	287	0
17776	130328	209	287	0
17777	130387	212	289	0
17778	130447	215	292	0
17779	130513	218	296	0
17780	130569	220	299	0
17781	130632	221	302	0
17782	130687	224	305	0
17783	130753	225	307	0
17784	130814	226	311	0
17785	130856	229	318	0
17786	130913	230	322	0
17787	130973	232	326	0
17788	131033	232	328	0
17789	131094	233	333	0
17790	131153	234	338	0
17791	131213	234	341	0
17792	131282	234	346	0
17793	131342	236	352	0
17794	131402	236	354	0
17795	131473	238	358	0
17796	131520	238	362	0
17797	131585	239	365	0
17798	131649	239	368	0
17799	131709	240	374	0
17800	131747	241	377	0
17801	131809	243	380	0
17802	131875	244	382	0
17803	131931	245	384	0
17804	132020	246	384	0
17805	132081	246	383	0
17806	132141	246	383	0
17807	132200	246	383	0
17808	132267	246	383	0
17809	132316	246	383	0
17810	132382	246	383	0
17811	132448	246	383	0
17812	132511	246	383	0
17813	132568	246	383	0
17814	132627	246	383	0
17815	132688	246	383	0
17816	132763	246	383	0
17817	132821	246	383	0
17818	132882	246	383	0
17819	132940	246	383	0
17820	133000	246	383	0
17821	133062	246	383	0
17822	133149	246	383	0
17823	133187	246	383	0
17824	133248	246	383	0
17825	133314	246	383	0
17826	133373	246	383	0
17827	133433	246	383	0
17828	133494	246	383	0
17829	133556	246	383	0
17830	133621	246	383	0
17831	133680	246	383	0
17832	133744	246	383	0
17833	133800	246	383	0
17834	133862	246	383	0
17835	133930	245	383	0
17836	133983	245	383	0
17837	134045	246	383	0
17838	134110	245	383	0
17839	134174	246	383	0
17840	134234	246	383	0
17841	134296	246	383	0
17842	134362	246	383	0
17843	134415	246	383	0
17844	134478	246	383	0
17845	134540	246	383	0
17846	134601	246	382	0
17847	134664	248	382	0
17848	134723	249	381	0
17849	134789	251	382	0
17850	134851	252	383	0
17851	134886	251	384	0
17852	134947	251	385	0
17853	135013	249	386	0
17854	135064	248	389	0
17855	135104	247	390	0
17856	135167	246	393	0
17857	135217	243	399	0
17858	135285	243	400	0
17859	135341	241	405	0
17860	135408	241	407	0
17861	135468	240	409	0
17862	135528	239	411	0
17863	135572	239	411	0
17864	135618	239	413	0
17865	135660	239	413	0
17866	135711	239	415	0
17867	135747	239	417	0
17868	135811	239	418	0
17869	135862	238	424	0
17870	135930	239	428	0
17871	135991	239	432	0
17872	136052	237	436	0
17873	136110	238	437	0
17874	136174	237	441	0
17875	136212	237	444	0
17876	136269	237	445	0
17877	136328	237	445	0
17878	136387	237	445	0
17879	136451	237	444	0
17880	136517	237	444	0
17881	136579	237	444	0
17882	136642	237	444	0
17883	136732	237	444	0
17884	136797	238	444	0
17885	136849	238	445	0
17886	136910	239	446	0
17887	136949	240	447	0
17888	137007	242	447	0
17889	137048	242	447	0
17890	137106	242	447	0
17891	137170	242	446	0
17892	137236	242	446	0
17893	137284	242	445	0
17894	137348	242	445	0
17895	137409	242	444	0
17896	137474	241	444	0
17897	137533	241	444	0
17898	137591	241	443	0
17899	137651	241	443	0
17900	137711	241	441	0
17901	137776	241	440	0
17902	137844	241	439	0
17903	137898	241	437	0
17904	137979	241	437	0
17905	138045	240	435	0
17906	138082	239	432	0
17907	138144	239	432	0
17908	138209	238	429	0
17909	138271	237	428	0
17910	138332	237	428	0
17911	138392	235	426	0
17912	138449	235	426	0
17913	138518	233	426	0
17914	138578	232	425	0
17915	138638	231	424	0
17916	138676	229	424	0
17917	138740	228	424	0
17918	138800	225	424	0
17919	138860	223	425	0
17920	138914	223	425	0
17921	138975	223	425	0
17922	139011	223	424	0
17923	139070	223	424	0
17924	139151	223	424	0
17925	139202	223	424	0
17926	139265	223	423	0
17927	139322	223	421	0
17928	139378	224	420	0
17929	139444	225	418	0
17930	139507	226	416	0
17931	139565	226	413	0
17932	139623	229	410	0
17933	139689	229	408	0
17934	139742	231	406	0
17935	139780	232	404	0
17936	139844	235	401	0
17937	139902	235	401	0
17938	139965	238	400	0
17939	140024	240	399	0
17940	140077	241	398	0
17941	140147	242	397	0
17942	140204	242	397	0
17943	140245	242	397	0
17944	140336	242	397	0
17945	140396	242	397	0
17946	140460	242	397	0
17947	140519	242	397	0
17948	140582	242	397	0
17949	140638	242	397	0
17950	140706	242	397	0
17951	140795	242	397	0
17952	140861	242	397	0
17953	140925	242	397	0
17954	140981	242	397	0
17955	141045	242	397	0
17956	141104	242	397	0
17957	141166	242	397	0
17958	141226	242	397	0
17959	141287	242	396	0
17960	141347	243	396	0
17961	141408	243	396	0
17962	141470	243	396	0
17963	141534	243	396	0
17964	141593	243	396	0
17965	141658	243	396	0
17966	141720	243	396	0
17967	141778	243	396	0
17968	141843	243	396	0
17969	141909	243	396	0
17970	141971	243	396	0
17971	142036	243	396	0
17972	142098	243	396	0
17973	142175	243	396	0
17974	142211	243	396	0
17975	142275	243	396	0
17976	142336	243	396	0
17977	142403	243	396	0
17978	142492	243	396	0
17979	142557	243	396	0
17980	142608	243	396	0
17981	142678	243	396	0
17982	142717	243	396	0
17983	142773	243	395	0
17984	142810	243	395	0
17985	142882	243	395	0
17986	142949	244	394	0
17987	143010	244	394	0
17988	143070	244	394	0
17989	143134	244	394	0
17990	143205	244	394	0
17991	143262	244	394	0
17992	143324	245	394	0
17993	143384	245	393	0
17994	143440	246	393	0
17995	143504	246	393	0
17996	143567	246	392	0
17997	143630	246	392	0
17998	143691	246	392	0
17999	143751	246	392	0
18000	143813	246	392	0
18001	143869	246	392	0
18002	143932	246	392	0
18003	143993	246	392	0
18004	144063	246	392	0
18005	144125	246	392	0
18006	144190	246	392	0
18007	144250	246	392	0
18008	144309	246	392	0
18009	144372	246	392	0
18010	144434	246	392	0
18011	144492	246	392	0
18012	144557	246	392	0
18013	144622	246	392	0
18014	144673	246	392	0
18015	144733	246	392	0
18016	144800	246	392	0
18017	144862	246	392	0
18018	144934	246	392	0
18019	144989	246	392	0
18020	145049	246	392	0
18021	145105	246	392	0
18022	145166	246	392	0
18023	145230	246	392	0
18024	145295	246	392	0
18025	145390	246	392	0
18026	145451	246	392	0
18027	145509	246	392	0
18028	145569	246	392	0
18029	145631	246	392	0
18030	145698	246	392	0
18031	145765	246	392	0
18032	145827	246	392	0
18033	145883	247	390	0
18034	145941	247	390	0
18035	146000	247	389	0
18036	146061	249	385	0
18037	146125	251	378	0
18038	146189	251	376	0
18039	146253	253	370	0
18040	146309	254	366	0
18041	146378	254	362	0
18042	146453	255	359	0
18043	146527	256	354	0
18044	146587	256	349	0
18045	146648	258	344	0
18046	146692	258	341	0
18047	146737	258	337	0
18048	146804	258	335	0
18049	146863	259	331	0
18050	146900	258	330	0
18051	146955	258	324	0
18052	147026	258	322	0
18053	147084	257	315	0
18054	147141	256	313	0
18055	147199	256	307	0
18056	147264	256	305	0
18057	147327	257	299	0
18058	147389	257	294	0
18059	147451	257	286	0
18060	147515	258	280	0
18061	147567	258	277	0
18062	147631	258	275	0
18063	147694	259	268	0
18064	147769	260	261	0
18065	147820	261	256	0
18066	147873	261	254	0
18067	147923	262	249	0
18068	147999	262	247	0
18069	148068	263	238	0
18070	148133	264	232	0
18071	148193	265	227	0
18072	148251	267	220	0
18073	148318	267	218	0
18074	148366	268	212	0
18075	148436	269	210	0
18076	148496	270	202	0
18077	148564	270	199	0
18078	148621	271	190	0
18079	148685	271	188	0
18080	148748	273	179	0
18081	148804	274	176	0
18082	148863	275	171	0
18083	148904	275	169	0
18084	148963	276	163	0
18085	149021	277	157	0
18086	149084	277	154	0
18087	149149	278	149	0
18088	149196	279	142	0
18089	149265	279	137	0
18090	149333	280	133	0
18091	149393	280	127	0
18092	149453	279	119	0
18093	149517	279	116	0
18094	149576	280	112	0
18095	149636	282	109	0
18096	149686	283	106	0
18097	149761	283	104	0
18098	149820	283	97	0
18099	149878	282	91	0
18100	149947	282	89	0
18101	150008	283	84	0
18102	150064	283	81	0
18103	150123	283	80	0
18104	150196	283	75	0
18105	150253	282	74	0
18106	150317	281	71	0
18107	150381	278	68	0
18108	150429	274	64	0
18109	150472	274	63	0
18110	150537	273	62	0
18111	150597	273	59	0
18112	150659	273	58	0
18113	150725	275	57	0
18114	150799	277	54	0
18115	150864	278	50	0
18116	150926	280	49	0
18117	150996	283	45	0
18118	151056	285	42	0
18119	151113	285	41	0
18120	151181	285	40	0
18121	151237	285	40	0
18122	151295	285	41	0
18123	151332	285	41	0
18124	151390	285	41	0
18125	151433	285	41	0
18126	151499	285	41	0
18127	151569	285	41	0
18128	151632	285	41	0
18129	151697	285	41	0
18130	151764	285	41	0
18131	151823	285	42	0
18132	151885	286	42	0
18133	151955	286	44	0
18134	152022	286	47	0
18135	152092	285	48	0
18136	152158	284	50	0
18137	152198	283	51	0
18138	152260	283	52	0
18139	152324	282	54	0
18140	152389	280	56	0
18141	152464	280	57	0
18142	152501	278	59	0
18143	152561	278	59	0
18144	152598	278	59	0
18145	152656	278	59	0
18146	152714	278	58	0
18147	152787	278	58	0
18148	152851	278	58	0
18149	152926	278	58	0
18150	152963	278	58	0
18151	153027	278	58	0
18152	153093	278	58	0
18153	153150	279	58	0
18154	153211	278	61	0
18155	153270	278	62	0
18156	153328	278	63	0
18157	153399	278	64	0
18158	153456	277	69	0
18159	153524	278	71	0
18160	153579	278	73	0
18161	153645	278	74	0
18162	153701	278	74	0
18163	153765	278	74	0
18164	153824	278	74	0
18165	153887	278	74	0
18166	153950	278	74	0
18167	154012	278	74	0
18168	154076	277	74	0
18169	154125	277	75	0
18170	154190	277	75	0
18171	154261	278	75	0
18172	154319	278	75	0
18173	154378	278	75	0
18174	154439	278	75	0
18175	154505	278	75	0
18176	154563	278	75	0
18177	154625	278	75	0
18178	154724	278	75	0
18179	154784	278	75	0
18180	154846	278	75	0
18181	154909	278	75	0
18182	154961	278	75	0
18183	155029	278	75	0
18184	155093	278	75	0
18185	155152	278	75	0
18186	155214	278	75	0
18187	155271	278	75	0
18188	155329	278	75	0
18189	155390	278	75	0
18190	155467	278	75	0
18191	155550	278	75	0
18192	155609	278	75	0
18193	155671	278	75	0
18194	155740	278	75	0
18195	155792	278	75	0
18196	155853	278	75	0
18197	155893	278	75	0
18198	155952	278	75	0
18199	155990	278	75	0
18200	156045	278	75	0
18201	156106	278	75	0
18202	156171	278	75	0
18203	156231	278	75	0
18204	156293	278	75	0
18205	156349	278	75	0
18206	156413	278	75	0
18207	156473	278	75	0
18208	156541	278	75	0
18209	156597	278	75	0
18210	156656	278	76	0
18211	156717	278	76	0
18212	156787	278	77	0
18213	156842	278	78	0
18214	156908	278	78	0
18215	156973	278	78	0
18216	157022	278	77	0
18217	157093	278	77	0
18218	157155	278	78	0
18219	157217	278	78	0
18220	157272	278	78	0
18221	157339	278	77	0
18222	157400	278	78	0
18223	157459	278	78	0
18224	157524	278	78	0
18225	157585	278	78	0
18226	157652	278	78	0
18227	157704	278	78	0
18228	157773	278	78	0
18229	157828	278	78	0
18230	157888	278	78	0
18231	157954	278	78	0
18232	158007	278	78	0
18233	158072	278	78	0
18234	158144	278	77	0
18235	158208	278	78	0
18236	158255	278	78	0
18237	158316	278	78	0
18238	158388	278	78	0
18239	158451	278	78	0
18240	158505	278	78	0
18241	158573	278	78	0
18242	158645	278	78	0
18243	158720	278	77	0
18244	158787	278	78	0
18245	158851	278	77	0
18246	158916	278	77	0
18247	158980	278	77	0
18248	159046	278	77	0
18249	159093	278	77	0
18250	159153	278	77	0
18251	159219	278	77	0
18252	159309	278	77	0
18253	159373	278	77	0
18254	159436	278	77	0
18255	159485	278	77	0
18256	159549	278	77	0
18257	159610	278	77	0
18258	159684	278	77	0
18259	159740	278	77	0
18260	159790	278	77	0
18261	159855	278	77	0
18262	159918	278	77	0
18263	159989	278	77	0
18264	160053	278	77	0
18265	160112	278	77	0
18266	160169	278	77	0
18267	160236	278	77	0
18268	160290	278	77	0
18269	160356	278	78	0
18270	160416	278	77	0
18271	160455	278	77	0
18272	160515	278	77	0
18273	160571	278	77	0
18274	160634	278	77	0
18275	160693	278	78	0
18276	160757	278	78	0
18277	160820	278	78	0
18278	160877	278	78	0
18279	160939	278	77	0
18280	161001	278	77	0
18281	161060	278	77	0
18282	161122	278	77	0
18283	161190	279	77	0
18284	161252	279	77	0
18285	161312	278	77	0
18286	161372	278	77	0
18287	161433	278	78	0
18288	161498	278	78	0
18289	161560	278	78	0
18290	161617	278	78	0
18291	161684	278	77	0
18292	161773	278	77	0
18293	161837	278	77	0
18294	161895	278	77	0
18295	161957	278	78	0
18296	162017	278	78	0
18297	162079	278	77	0
18298	162139	278	77	0
18299	162180	278	77	0
18300	162242	278	77	0
18301	162302	278	77	0
18302	162357	278	77	0
18303	162422	278	77	0
18304	162483	278	77	0
18305	162542	278	77	0
18306	162623	278	77	0
18307	162701	278	77	0
18308	162757	278	77	0
18309	162824	278	77	0
18310	162883	278	77	0
18311	162941	278	77	0
18312	162983	278	77	0
18313	163037	278	77	0
18314	163102	278	77	0
18315	163163	278	77	0
18316	163218	278	78	0
18317	163281	278	78	0
18318	163345	278	78	0
18319	163411	278	78	0
18320	163496	278	78	0
18321	163563	278	78	0
18322	163614	278	78	0
18323	163680	278	78	0
18324	163741	278	79	0
18325	163781	278	80	0
18326	163843	277	81	0
18327	163902	277	81	0
18328	163956	277	81	0
18329	164014	277	81	0
18330	164076	277	81	0
18331	164118	277	81	0
18332	164155	277	81	0
18333	164267	277	81	0
18334	164328	276	82	0
18335	164390	276	83	0
18336	164446	275	85	0
18337	164510	275	89	0
18338	164576	274	94	0
18339	164646	273	98	0
18340	164701	271	104	0
18341	164765	271	106	0
18342	164826	271	110	0
18343	164889	271	115	0
18344	164949	269	121	0
18345	165007	269	124	0
18346	165045	269	129	0
18347	165101	268	133	0
18348	165165	268	137	0
18349	165227	269	142	0
18350	165281	269	144	0
18351	165343	270	147	0
18352	165412	269	153	0
18353	165474	270	161	0
18354	165541	270	164	0
18355	165614	271	172	0
18356	165681	271	177	0
18357	165748	271	182	0
18358	165805	272	187	0
18359	165847	272	191	0
18360	165903	272	193	0
18361	165965	271	198	0
18362	166029	271	203	0
18363	166081	273	208	0
18364	166140	273	210	0
18365	166200	274	215	0
18366	166276	274	218	0
18367	166328	274	225	0
18368	166395	274	228	0
18369	166457	273	232	0
18370	166516	272	236	0
18371	166582	271	241	0
18372	166645	271	246	0
18373	166703	271	249	0
18374	166740	270	255	0
18375	166797	269	260	0
18376	166861	269	266	0
18377	166916	268	268	0
18378	166980	268	271	0
18379	167068	269	277	0
18380	167130	269	281	0
18381	167192	271	288	0
18382	167260	271	290	0
18383	167316	274	294	0
18384	167376	277	299	0
18385	167442	278	301	0
18386	167532	284	308	0
18387	167594	286	313	0
18388	167661	288	318	0
18389	167713	290	325	0
18390	167773	292	328	0
18391	167813	292	330	0
18392	167877	294	335	0
18393	167936	295	339	0
18394	167971	295	341	0
18395	168045	297	345	0
18396	168094	297	345	0
18397	168144	296	345	0
18398	168210	297	345	0
18399	168272	297	345	0
18400	168335	296	344	0
18401	168397	296	344	0
18402	168464	295	342	0
18403	168520	295	342	0
18404	168581	295	342	0
18405	168645	295	342	0
18406	168707	295	342	0
18407	168762	295	342	0
18408	168828	295	342	0
18409	168893	295	342	0
18410	168948	296	342	0
18411	169013	295	342	0
18412	169071	295	342	0
18413	169133	295	342	0
18414	169174	295	342	0
18415	169229	295	342	0
18416	169289	295	342	0
18417	169355	295	342	0
18418	169419	295	342	0
18419	169506	296	342	0
18420	169565	296	342	0
18421	169600	295	342	0
18422	169679	295	342	0
18423	169753	296	343	0
18424	169816	296	343	0
18425	169873	295	342	0
18426	169935	296	343	0
18427	169972	296	343	0
18428	170015	296	343	0
18429	170078	296	343	0
18430	170142	296	343	0
18431	170212	296	343	0
18432	170273	296	343	0
18433	170341	296	343	0
18434	170401	296	343	0
18435	170465	295	343	0
18436	170525	295	343	0
18437	170584	294	342	0
18438	170621	294	342	0
18439	170705	294	342	0
18440	170780	294	342	0
18441	170850	294	342	0
18442	170902	294	342	0
18443	170954	294	342	0
18444	171007	294	342	0
18445	171067	294	342	0
18446	171142	294	342	0
18447	171201	294	342	0
18448	171261	294	342	0
18449	171322	294	342	0
18450	171385	294	342	0
18451	171438	294	342	0
18452	171502	294	342	0
18453	171540	294	342	0
18454	171604	294	342	0
18455	171661	294	342	0
18456	171719	294	342	0
18457	171760	294	342	0
18458	171818	294	342	0
18459	171876	294	342	0
18460	171937	294	342	0
18461	171994	294	342	0
18462	172061	294	342	0
18463	172125	294	342	0
18464	172189	294	343	0
18465	172238	294	344	0
18466	172321	294	345	0
18467	172383	292	349	0
18468	172432	292	353	0
18469	172494	292	358	0
18470	172557	292	363	0
18471	172621	292	366	0
18472	172671	292	370	0
18473	172743	293	374	0
18474	172805	295	378	0
18475	172869	297	382	0
18476	172922	299	386	0
18477	172988	300	389	0
18478	173048	302	393	0
18479	173134	303	398	0
18480	173204	303	402	0
18481	173264	303	406	0
18482	173320	304	406	0
18483	173378	304	407	0
18484	173448	304	406	0
18485	173504	304	406	0
18486	173566	304	406	0
18487	173628	305	406	0
18488	173694	305	405	0
18489	173753	306	406	0
18490	173815	306	406	0
18491	173874	306	406	0
18492	173934	305	406	0
18493	173974	305	407	0
18494	174037	305	407	0
18495	174100	303	409	0
18496	174158	301	412	0
18497	174215	300	415	0
18498	174275	300	417	0
18499	174331	298	421	0
18500	174368	298	422	0
18501	174430	296	427	0
18502	174494	295	429	0
18503	174553	294	432	0
18504	174615	293	436	0
18505	174670	291	439	0
18506	174733	291	440	0
18507	174805	291	440	0
18508	174862	290	441	0
18509	174929	290	441	0
18510	174990	290	441	0
18511	175055	290	440	0
18512	175111	289	439	0
18513	175170	286	439	0
18514	175227	283	438	0
18515	175300	280	438	0
18516	175359	279	436	0
18517	175410	275	436	0
18518	175472	275	435	0
18519	175547	272	435	0
18520	175616	271	435	0
18521	175678	271	435	0
18522	175742	268	436	0
18523	175790	268	436	0
18524	175847	268	436	0
18525	175916	268	436	0
18526	175972	268	436	0
18527	176033	268	436	0
18528	176099	268	436	0
18529	176163	268	436	0
18530	176215	269	434	0
18531	176254	269	434	0
18532	176316	269	434	0
18533	176418	269	433	0
18534	176493	270	432	0
18535	176532	271	430	0
18536	176590	271	429	0
18537	176652	271	427	0
18538	176717	271	426	0
18539	176766	273	422	0
18540	176838	273	420	0
18541	176897	273	416	0
18542	176960	274	414	0
18543	177021	275	410	0
18544	177084	276	408	0
18545	177144	276	408	0
18546	177203	276	408	0
18547	177265	276	407	0
18548	177314	276	407	0
18549	177389	276	407	0
18550	177426	276	406	0
18551	177495	276	406	0
18552	177546	276	406	0
18553	177604	276	406	0
18554	177668	276	406	0
18555	177733	276	406	0
18556	177794	276	406	0
18557	177853	276	406	0
18558	177916	276	406	0
18559	177966	276	406	0
18560	178036	276	406	0
18561	178100	276	406	0
18562	178174	276	406	0
18563	178249	276	406	0
18564	178312	276	406	0
18565	178370	276	406	0
18566	178428	276	406	0
18567	178499	276	406	0
18568	178559	276	406	0
18569	178623	276	406	0
18570	178683	276	406	0
18571	178749	276	406	0
18572	178807	276	406	0
18573	178865	276	406	0
18574	178933	276	406	0
18575	178996	276	406	0
18576	179057	276	406	0
18577	179117	276	406	0
18578	179182	276	406	0
18579	179242	276	406	0
18580	179300	276	406	0
18581	179358	276	406	0
18582	179423	276	406	0
18583	179493	276	403	0
18584	179573	277	399	0
18585	179635	277	396	0
18586	179694	278	391	0
18587	179764	278	389	0
18588	179825	278	384	0
18589	179883	280	375	0
18590	179946	280	373	0
18591	180007	281	368	0
18592	180063	280	362	0
18593	180125	281	359	0
18594	180197	281	350	0
18595	180257	281	346	0
18596	180313	281	339	0
18597	180379	281	337	0
18598	180440	281	332	0
18599	180497	282	328	0
18600	180569	282	327	0
18601	180629	283	320	0
18602	180687	283	315	0
18603	180757	282	310	0
18604	180831	282	304	0
18605	180895	282	300	0
18606	180960	281	297	0
18607	181032	280	293	0
18608	181088	279	291	0
18609	181144	279	290	0
18610	181204	279	290	0
18611	181266	280	290	0
18612	181331	281	290	0
18613	181397	282	290	0
18614	181454	283	291	0
18615	181521	284	291	0
18616	181578	287	291	0
18617	181633	288	291	0
18618	181696	289	290	0
18619	181764	290	290	0
18620	181834	290	290	0
18621	181893	290	290	0
18622	181951	290	290	0
18623	182008	290	290	0
18624	182066	290	290	0
18625	182135	290	290	0
18626	182198	290	289	0
18627	182259	289	289	0
18628	182322	288	289	0
18629	182380	288	289	0
18630	182431	288	289	0
18631	182510	287	288	0
18632	182563	287	288	0
18633	182636	287	288	0
18634	182719	287	287	0
18635	182779	287	287	0
18636	182842	287	286	0
18637	182909	287	285	0
18638	182962	286	283	0
18639	183023	286	278	0
18640	183084	285	276	0
18641	183156	285	269	0
18642	183213	286	265	0
18643	183269	287	261	0
18644	183338	287	259	0
18645	183399	288	254	0
18646	183460	288	248	0
18647	183526	288	246	0
18648	183575	289	236	0
18649	183640	289	233	0
18650	183702	289	227	0
18651	183763	290	220	0
18652	183827	290	215	0
18653	183885	290	211	0
18654	183957	290	205	0
18655	184012	290	196	0
18656	184067	290	193	0
18657	184134	289	188	0
18658	184171	290	183	0
18659	184212	290	180	0
18660	184289	290	178	0
18661	184353	292	170	0
18662	184413	293	165	0
18663	184472	294	159	0
18664	184530	295	156	0
18665	184592	297	150	0
18666	184661	298	145	0
18667	184752	298	140	0
18668	184822	298	133	0
18669	184873	299	128	0
18670	184941	299	125	0
18671	185000	298	120	0
18672	185060	298	113	0
18673	185123	298	108	0
18674	185180	298	103	0
18675	185245	298	101	0
18676	185305	297	98	0
18677	185365	297	97	0
18678	185422	297	97	0
18679	185488	297	97	0
18680	185551	298	97	0
18681	185615	299	97	0
18682	185652	301	97	0
18683	185709	302	97	0
18684	185745	306	95	0
18685	185791	308	93	0
18686	185830	310	91	0
18687	185906	311	90	0
18688	185982	313	86	0
18689	186047	313	84	0
18690	186109	312	78	0
18691	186171	312	76	0
18692	186232	312	73	0
18693	186292	312	73	0
18694	186356	313	74	0
18695	186417	313	75	0
18696	186494	312	76	0
18697	186561	312	78	0
18698	186624	311	78	0
18699	186660	311	81	0
18700	186723	310	82	0
18701	186820	310	86	0
18702	186878	308	92	0
18703	186936	307	96	0
18704	186995	307	98	0
18705	187057	307	103	0
18706	187124	306	108	0
18707	187188	306	113	0
18708	187252	307	115	0
18709	187310	307	122	0
18710	187366	306	125	0
18711	187437	306	130	0
18712	187491	307	137	0
18713	187552	307	142	0
18714	187626	307	144	0
18715	187687	308	152	0
18716	187742	310	159	0
18717	187806	311	164	0
18718	187864	312	168	0
18719	187923	314	173	0
18720	187988	316	178	0
18721	188052	318	183	0
18722	188110	318	185	0
18723	188172	321	193	0
18724	188234	321	196	0
18725	188296	322	201	0
18726	188356	323	206	0
18727	188428	324	211	0
18728	188509	326	216	0
18729	188558	328	223	0
18730	188633	329	228	0
18731	188691	330	233	0
18732	188752	333	238	0
18733	188820	334	240	0
18734	188884	337	246	0
18735	188942	339	249	0
18736	189004	342	257	0
18737	189064	343	260	0
18738	189104	345	266	0
18739	189167	345	269	0
18740	189218	348	275	0
18741	189284	349	279	0
18742	189341	351	283	0
18743	189402	353	288	0
18744	189471	355	296	0
18745	189530	355	298	0
18746	189594	355	302	0
18747	189646	356	304	0
18748	189718	357	305	0
18749	189775	359	310	0
18750	189837	362	313	0
18751	189901	363	315	0
18752	189950	369	321	0
18753	189991	370	323	0
18754	190052	372	325	0
18755	190116	375	329	0
18756	190178	377	331	0
18757	190236	382	337	0
18758	190300	384	339	0
18759	190347	386	342	0
18760	190385	387	344	0
18761	190445	388	346	0
18762	190498	391	349	0
18763	190547	395	353	0
18764	190606	397	354	0
18765	190669	398	356	0
18766	190732	397	356	0
18767	190781	396	357	0
18768	190853	396	358	0
18769	190911	393	361	0
18770	190947	389	366	0
18771	191008	388	368	0
18772	191063	386	372	0
18773	191123	384	373	0
18774	191183	382	377	0
18775	191250	381	378	0
18776	191313	381	381	0
18777	191375	381	381	0
18778	191434	381	381	0
18779	191495	381	381	0
18780	191557	381	381	0
18781	191618	381	382	0
18782	191685	382	381	0
18783	191744	383	383	0
18784	191806	383	384	0
18785	191863	384	384	0
18786	191930	384	385	0
18787	191992	384	385	0
18788	192051	384	385	0
18789	192116	384	384	0
18790	192174	384	384	0
18791	192236	384	384	0
18792	192306	384	384	0
18793	192363	384	384	0
18794	192416	384	384	0
18795	192501	384	384	0
18796	192574	384	383	0
18797	192635	385	382	0
18798	192696	388	381	0
18799	192764	388	380	0
18800	192826	391	379	0
18801	192889	393	378	0
18802	192945	395	378	0
18803	193009	395	378	0
18804	193067	395	378	0
18805	193132	395	378	0
18806	193192	395	378	0
18807	193262	393	377	0
18808	193323	392	377	0
18809	193383	391	377	0
18810	193443	390	377	0
18811	193501	388	378	0
18812	193565	388	378	0
18813	193619	388	378	0
18814	193677	388	378	0
18815	193717	388	378	0
18816	193781	388	378	0
18817	193841	388	378	0
18818	193899	385	380	0
18819	193964	385	381	0
18820	194022	381	385	0
18821	194057	381	386	0
18822	194116	381	386	0
18823	194167	378	388	0
18824	194230	378	388	0
18825	194296	378	388	0
18826	194364	377	388	0
18827	194429	377	387	0
18828	194485	377	387	0
18829	194549	377	386	0
18830	194608	377	385	0
18831	194674	377	385	0
18832	194731	377	384	0
18833	194796	376	381	0
18834	194852	378	381	0
18835	194917	379	378	0
18836	194974	380	377	0
18837	195044	381	374	0
18838	195104	384	368	0
18839	195140	385	366	0
18840	195197	385	365	0
18841	195257	385	364	0
18842	195319	386	364	0
18843	195370	386	364	0
18844	195442	387	365	0
18845	195506	388	365	0
18846	195568	388	366	0
18847	195615	388	367	0
18848	195711	388	368	0
18849	195773	388	370	0
18850	195835	388	373	0
18851	195875	388	374	0
18852	195933	388	375	0
18853	195997	388	375	0
18854	196061	388	375	0
18855	196120	388	375	0
18856	196178	388	375	0
18857	196240	388	375	0
18858	196306	388	375	0
18859	196365	388	376	0
18860	196430	388	376	0
18861	196492	388	376	0
18862	196539	388	376	0
18863	196604	388	376	0
18864	196670	388	376	0
18865	196709	388	376	0
18866	196766	388	376	0
18867	196830	388	376	0
18868	196892	388	377	0
18869	196947	387	379	0
18870	197007	388	380	0
18871	197045	388	380	0
18872	197107	388	383	0
18873	197167	388	384	0
18874	197232	388	384	0
18875	197293	389	384	0
18876	197352	389	384	0
18877	197409	389	384	0
18878	197471	389	384	0
18879	197538	388	384	0
18880	197597	388	384	0
18881	197658	388	384	0
18882	197725	388	384	0
18883	197774	388	384	0
18884	197842	388	384	0
18885	197909	388	384	0
18886	197968	388	384	0
18887	198017	388	385	0
18888	198086	388	385	0
18889	198147	387	385	0
18890	198211	386	387	0
18891	198283	385	389	0
18892	198340	383	392	0
18893	198394	381	397	0
18894	198461	380	400	0
18895	198526	380	400	0
18896	198582	380	401	0
18897	198645	380	401	0
18898	198708	380	401	0
18899	198768	380	401	0
18900	198838	380	401	0
18901	198918	380	401	0
18902	198979	381	401	0
18903	199045	381	401	0
18904	199104	381	401	0
18905	199144	381	401	0
18906	199206	381	401	0
18907	199263	381	401	0
18908	199320	381	401	0
18909	199381	381	401	0
18910	199444	381	400	0
18911	199508	381	401	0
18912	199566	381	401	0
18913	199633	381	401	0
18914	199668	381	401	0
18915	199763	381	401	0
18916	199807	381	401	0
18917	199846	381	401	0
18918	199908	381	401	0
18919	199972	381	401	0
18920	200029	381	401	0
18921	200100	381	401	0
18922	200161	381	401	0
18923	200218	380	403	0
18924	200283	380	404	0
18925	200339	380	407	0
18926	200400	380	410	0
18927	200460	379	413	0
18928	200522	377	417	0
18929	200589	377	418	0
18930	200646	377	417	0
18931	200702	377	417	0
18932	200776	377	417	0
18933	200837	377	416	0
18934	200896	376	415	0
18935	200989	375	416	0
18936	201048	374	416	0
18937	201105	374	416	0
18938	201168	374	416	0
18939	201233	374	416	0
18940	201293	374	416	0
18941	201356	374	416	0
18942	201421	374	416	0
18943	201470	374	416	0
18944	201512	374	416	0
18945	201567	374	416	0
18946	201603	374	416	0
18947	201668	374	416	0
18948	201725	375	416	0
18949	201784	375	416	0
18950	201827	375	416	0
18951	201900	375	416	0
18952	201967	375	416	0
18953	202029	375	416	0
18954	202097	374	416	0
18955	202152	374	416	0
18956	202213	374	415	0
18957	202275	374	414	0
18958	202340	375	414	0
18959	202403	375	413	0
18960	202468	375	412	0
18961	202525	375	411	0
18962	202588	375	410	0
18963	202652	375	410	0
18964	202701	375	410	0
18965	202741	375	410	0
18966	202798	375	410	0
18967	202861	375	410	0
18968	202932	375	410	0
18969	202986	375	410	0
18970	203050	375	410	0
18971	203134	375	410	0
18972	203196	375	410	0
18973	203234	375	410	0
18974	203300	375	410	0
18975	203356	375	410	0
18976	203418	375	410	0
18977	203485	375	410	0
18978	203532	375	410	0
18979	203573	375	410	0
18980	203635	375	410	0
18981	203700	375	410	0
18982	203760	375	410	0
18983	203821	375	410	0
18984	203885	375	410	0
18985	203942	375	410	0
18986	204000	375	410	0
18987	204060	375	410	0
18988	204136	375	410	0
18989	204194	375	410	0
18990	204254	375	410	0
18991	204318	375	410	0
18992	204367	375	410	0
18993	204427	375	410	0
18994	204467	375	410	0
18995	204529	375	410	0
18996	204589	375	410	0
18997	204652	375	410	0
18998	204713	375	410	0
18999	204774	375	410	0
19000	204833	375	410	0
19001	204897	375	410	0
19002	204955	375	410	0
19003	204992	375	410	0
19004	205050	375	410	0
19005	205088	375	410	0
19006	205149	375	410	0
19007	205205	375	410	0
19008	205268	375	410	0
19009	205345	375	410	0
19010	205405	375	410	0
19011	205483	375	410	0
19012	205546	375	410	0
19013	205600	375	410	0
19014	205664	375	410	0
19015	205704	375	410	0
19016	205761	375	410	0
19017	205813	375	410	0
19018	205884	375	410	0
19019	205948	375	410	0
19020	205999	375	410	0
19021	206061	375	410	0
19022	206125	375	410	0
19023	206198	375	410	0
19024	206253	375	410	0
19025	206314	375	410	0
19026	206377	375	409	0
19027	206430	375	409	0
19028	206495	375	410	0
19029	206569	375	410	0
19030	206628	375	410	0
19031	206683	375	410	0
19032	206749	375	409	0
19033	206810	375	410	0
19034	206868	375	410	0
19035	206930	375	410	0
19036	206987	375	410	0
19037	207053	375	410	0
19038	207116	375	410	0
19039	207180	375	410	0
19040	207230	375	410	0
19041	207267	375	410	0
19042	207327	375	410	0
19043	207394	375	410	0
19044	207453	375	410	0
19045	207519	375	410	0
19046	207581	375	410	0
19047	207618	375	410	0
19048	207668	375	410	0
19049	207733	375	410	0
19050	207792	375	409	0
19051	207831	375	409	0
19052	207888	375	409	0
19053	207949	375	409	0
19054	208013	375	410	0
19055	208062	375	410	0
19056	208129	375	410	0
19057	208192	375	410	0
19058	208254	375	410	0
19059	208312	375	409	0
19060	208370	375	409	0
19061	208432	375	409	0
19062	208498	375	409	0
19063	208558	375	409	0
19064	208625	375	409	0
19065	208691	375	409	0
19066	208749	375	409	0
19067	208786	375	409	0
19068	208845	375	409	0
19069	208895	375	409	0
19070	208956	375	409	0
19071	209021	375	409	0
19072	209085	375	409	0
19073	209143	375	409	0
19074	209207	375	409	0
19075	209268	375	409	0
19076	209331	375	409	0
19077	209395	375	409	0
19078	209459	376	409	0
19079	209521	376	409	0
19080	209580	376	408	0
19081	209645	376	408	0
19082	209703	376	408	0
19083	209762	376	408	0
19084	209831	376	408	0
19085	209893	376	408	0
19086	209950	376	408	0
19087	210013	376	407	0
19088	210074	376	407	0
19089	210158	377	406	0
19090	210231	379	402	0
19091	210287	381	398	0
19092	210329	382	394	0
19093	210380	383	393	0
19094	210445	384	392	0
19095	210507	385	389	0
19096	210568	385	386	0
19097	210629	386	381	0
19098	210688	386	380	0
19099	210749	387	376	0
19100	210811	387	369	0
19101	210872	387	367	0
19102	210959	387	363	0
19103	211027	387	357	0
19104	211093	387	353	0
19105	211155	387	351	0
19106	211207	388	347	0
19107	211247	388	346	0
19108	211308	388	346	0
19109	211365	388	346	0
19110	211424	388	346	0
19111	211491	388	346	0
19112	211556	388	346	0
19113	211614	388	346	0
19114	211675	388	346	0
19115	211730	388	346	0
19116	211792	388	346	0
19117	211834	388	346	0
19118	211892	388	346	0
19119	211952	388	346	0
19120	212013	388	346	0
19121	212076	388	346	0
19122	212126	388	346	0
19123	212179	388	346	0
19124	212252	388	346	0
19125	212317	388	346	0
19126	212382	388	346	0
19127	212418	388	346	0
19128	212479	388	346	0
19129	212551	388	346	0
19130	212598	388	346	0
19131	212656	388	346	0
19132	212719	388	346	0
19133	212781	388	346	0
19134	212845	388	346	0
19135	212902	388	346	0
19136	212978	388	346	0
19137	213031	388	345	0
19138	213091	386	342	0
19139	213156	384	340	0
19140	213217	384	338	0
19141	213271	381	332	0
19142	213332	380	330	0
19143	213405	379	326	0
19144	213493	376	321	0
19145	213556	374	315	0
19146	213621	372	310	0
19147	213677	370	306	0
19148	213737	370	303	0
19149	213828	369	299	0
19150	213894	367	295	0
19151	213959	366	289	0
19152	214022	366	286	0
19153	214071	365	285	0
19154	214141	365	283	0
19155	214201	365	283	0
19156	214261	364	282	0
19157	214324	364	282	0
19158	214390	364	282	0
19159	214449	364	283	0
19160	214508	364	282	0
19161	214569	364	282	0
19162	214629	364	282	0
19163	214686	364	282	0
19164	214725	364	282	0
19165	214787	364	282	0
19166	214851	364	282	0
19167	214901	364	282	0
19168	214972	364	282	0
19169	215088	364	282	0
19170	215128	364	282	0
19171	215187	364	282	0
19172	215253	364	282	0
19173	215305	364	282	0
19174	215363	364	282	0
19175	215430	364	282	0
19176	215530	364	282	0
19177	215589	364	282	0
19178	215647	364	282	0
19179	215719	364	282	0
19180	215785	364	282	0
19181	215846	364	282	0
19182	215893	364	282	0
19183	215953	364	282	0
19184	216021	364	282	0
19185	216080	364	282	0
19186	216142	364	282	0
19187	216200	364	282	0
19188	216259	364	282	0
19189	216319	364	282	0
19190	216389	364	282	0
19191	216453	364	282	0
19192	216514	364	282	0
19193	216574	364	282	0
19194	216637	364	282	0
19195	216699	364	282	0
19196	216757	364	282	0
19197	216820	364	282	0
19198	216884	364	282	0
19199	216942	364	282	0
19200	217004	364	282	0
19201	217053	364	282	0
19202	217118	364	282	0
19203	217188	364	282	0
19204	217249	364	282	0
19205	217317	364	282	0
19206	217380	364	282	0
19207	217436	364	282	0
19208	217497	364	282	0
19209	217560	364	282	0
19210	217621	364	282	0
19211	217681	364	282	0
19212	217744	364	282	0
19213	217802	364	282	0
19214	217869	364	282	0
19215	217924	364	282	0
19216	217990	364	282	0
19217	218048	364	282	0
19218	218113	361	281	0
19219	218148	360	280	0
19220	218235	357	279	0
19221	218301	354	280	0
19222	218352	354	281	0
19223	218420	353	282	0
19224	218481	353	283	0
19225	218542	353	285	0
19226	218580	351	286	0
19227	218654	351	288	0
19228	218728	350	290	0
19229	218781	351	292	0
19230	218848	350	293	0
19231	218913	349	293	0
19232	218981	349	292	0
19233	219038	350	291	0
19234	219101	351	291	0
19235	219135	351	291	0
19236	219189	351	290	0
19237	219251	352	290	0
19238	219317	353	289	0
19239	219381	354	286	0
19240	219432	355	284	0
19241	219501	356	281	0
19242	219561	356	276	0
19243	219619	356	272	0
19244	219678	356	268	0
19245	219740	357	264	0
19246	219803	359	260	0
19247	219874	358	258	0
19248	219939	359	250	0
19249	220015	359	245	0
19250	220081	359	243	0
19251	220147	358	239	0
19252	220207	358	230	0
19253	220265	358	224	0
19254	220330	357	222	0
19255	220388	357	217	0
19256	220448	356	212	0
19257	220517	356	207	0
19258	220575	355	200	0
19259	220635	354	195	0
19260	220691	354	189	0
19261	220765	354	186	0
19262	220816	353	179	0
19263	220859	354	176	0
19264	220943	354	173	0
19265	220986	354	165	0
19266	221043	354	163	0
19267	221096	354	157	0
19268	221160	354	155	0
19269	221220	354	149	0
19270	221283	353	145	0
19271	221343	352	143	0
19272	221380	352	142	0
19273	221445	353	140	0
19274	221498	353	140	0
19275	221565	354	140	0
19276	221619	354	140	0
19277	221685	354	140	0
19278	221745	354	141	0
19279	221805	354	141	0
19280	221865	355	141	0
19281	221929	356	141	0
19282	221989	356	141	0
19283	222054	357	139	0
19284	222113	357	138	0
19285	222180	359	132	0
19286	222244	360	127	0
19287	222298	361	122	0
19288	222366	362	118	0
19289	222424	362	117	0
19290	222480	362	115	0
19291	222553	362	115	0
19292	222612	362	114	0
19293	222661	362	114	0
19294	222722	361	114	0
19295	222797	359	112	0
19296	222857	355	106	0
19297	222916	354	105	0
19298	222976	351	102	0
19299	223012	349	100	0
19300	223062	347	97	0
19301	223128	346	94	0
19302	223197	345	91	0
19303	223258	343	88	0
19304	223317	343	88	0
19305	223377	343	87	0
19306	223438	343	87	0
19307	223501	343	88	0
19308	223564	343	88	0
19309	223628	344	88	0
19310	223688	344	88	0
19311	223749	344	88	0
19312	223813	344	88	0
19313	223871	344	88	0
19314	223928	344	88	0
19315	223990	344	88	0
19316	224061	344	88	0
19317	224112	344	87	0
19318	224176	345	87	0
19319	224237	345	87	0
19320	224279	346	87	0
19321	224334	347	86	0
19322	224398	348	84	0
19323	224462	349	82	0
19324	224522	349	81	0
19325	224576	349	81	0
19326	224644	349	81	0
19327	224704	349	81	0
19328	224764	349	81	0
19329	224824	349	81	0
19330	224883	349	81	0
19331	224980	349	81	0
19332	225043	347	79	0
19333	225102	346	76	0
19334	225182	345	74	0
19335	225246	342	69	0
19336	225312	339	66	0
19337	225379	337	62	0
19338	225442	334	59	0
19339	225508	331	55	0
19340	225566	328	53	0
19341	225624	326	50	0
19342	225692	324	48	0
19343	225750	322	45	0
19344	225825	322	45	0
19345	225895	322	45	0
19346	225965	322	45	0
19347	226029	322	44	0
19348	226087	307	10	0
