frame	time	x	y	burst
167501	43	330	64	0
167502	87	330	63	0
167503	149	329	59	0
167504	208	329	56	0
167505	268	329	51	0
167506	308	328	49	0
167507	371	328	47	0
167508	415	327	47	0
167509	483	327	46	0
167510	549	328	48	0
167511	616	328	49	0
167512	705	329	50	0
167513	772	329	51	0
167514	832	329	53	0
167515	880	327	53	0
167516	940	326	53	0
167517	998	326	55	0
167518	1069	326	58	0
167519	1138	326	60	0
167520	1202	326	62	0
167521	1265	326	64	0
167522	1315	326	65	0
167523	1371	326	66	0
167524	1442	326	67	0
167525	1507	326	67	0
167526	1561	324	69	0
167527	1634	322	73	0
167528	1677	320	75	0
167529	1735	319	76	0
167530	1819	315	81	0
167531	1907	311	86	0
167532	1980	307	94	0
167533	2048	306	97	0
167534	2110	304	103	0
167535	2185	304	105	0
167536	2280	302	113	0
167537	2346	301	120	0
167538	2430	300	125	0
167539	2476	299	133	0
167540	2534	299	138	0
167541	2642	298	141	0
167542	2739	298	150	0
167543	2837	297	162	0
167544	2905	296	171	0
167545	2980	296	173	0
167546	3044	296	181	0
167547	3116	296	187	0
167548	3204	296	192	0
167549	3281	296	202	0
167550	3343	296	208	0
167551	3400	296	215	0
167552	3467	295	221	0
167553	3508	295	227	0
167554	3566	295	231	0
167555	3628	295	236	0
167556	3697	294	243	0
167557	3771	294	245	0
167558	3843	296	255	0
167559	3907	297	257	0
167560	3973	299	261	0
167561	4044	304	267	0
167562	4107	308	271	0
167563	4172	310	273	0
167564	4233	311	274	0
167565	4309	314	279	0
167566	4370	316	284	0
167567	4433	317	287	0
167568	4510	316	289	0
167569	4574	315	294	0
167570	4642	315	298	0
167571	4708	315	304	0
167572	4793	315	306	0
167573	4863	314	316	0
167574	4933	313	320	0
167575	5005	313	322	0
167576	5073	312	329	0
167577	5140	313	331	0
167578	5205	313	340	0
167579	5263	312	345	0
167580	5330	312	351	0
167581	5403	312	357	0
167582	5473	312	362	0
167583	5539	311	366	0
167584	5625	311	371	0
167585	5697	310	379	0
167586	5774	310	382	0
167587	5844	309	390	0
167588	5901	309	394	0
167589	5969	309	399	0
167590	6037	310	404	0
167591	6098	310	407	0
167592	6164	311	410	0
167593	6209	311	410	0
167594	6275	311	410	0
167595	6338	311	410	0
167596	6394	311	409	0
167597	6473	313	410	0
167598	6527	315	412	0
167599	6605	317	412	0
167600	6648	320	412	0
167601	6716	322	412	0
167602	6810	322	411	0
167603	6901	326	411	0
167604	6985	329	412	0
167605	7075	331	412	0
167606	7139	331	411	0
167607	7206	331	411	0
167608	7272	331	412	0
167609	7330	334	415	0
167610	7402	335	417	0
167611	7467	338	418	0
167612	7537	339	417	0
167613	7605	339	417	0
167614	7675	339	417	0
167615	7765	339	415	0
167616	7837	337	413	0
167617	7905	336	410	0
167618	7969	336	409	0
167619	8038	334	402	0
167620	8132	334	399	0
167621	8201	334	393	0
167622	8282	334	389	0
167623	8370	334	382	0
167624	8457	334	379	0
167625	8518	335	374	0
167626	8593	335	373	0
167627	8667	335	372	0
167628	8738	335	372	0
167629	8807	335	372	0
167630	8898	335	371	0
167631	8973	335	370	0
167632	9051	334	368	0
167633	9127	334	368	0
167634	9183	334	369	0
167635	9243	333	370	0
167636	9301	333	370	0
167637	9359	333	372	0
167638	9424	333	372	0
167639	9496	331	374	0
167640	9538	331	374	0
167641	9608	328	375	0
167642	9673	327	375	0
167643	9730	327	375	0
167644	9803	327	375	0
167645	9870	327	375	0
167646	9936	327	375	0
167647	10003	327	375	0
167648	10086	327	375	0
167649	10164	327	375	0
167650	10235	327	375	0
167651	10294	326	375	0
167652	10362	326	375	0
167653	10437	326	375	0
167654	10500	326	375	0
167655	10594	326	375	0
167656	10691	326	375	0
167657	10754	326	375	0
167658	10825	326	375	0
167659	10870	326	375	0
167660	10937	326	375	0
167661	10995	326	375	0
167662	11059	326	375	0
167663	11132	326	375	0
167664	11203	326	375	0
167665	11265	326	375	0
167666	11339	326	375	0
167667	11397	326	375	0
167668	11476	326	375	0
167669	11545	326	375	0
167670	11634	326	375	0
167671	11729	326	375	0
167672	11805	326	375	0
167673	11890	326	375	0
167674	11963	326	375	0
167675	12035	326	375	0
167676	12130	326	375	0
167677	12190	326	375	0
167678	12250	326	375	0
167679	12286	326	375	0
167680	12363	326	375	0
167681	12421	326	375	0
167682	12492	326	375	0
167683	12564	326	375	0
167684	12628	326	375	0
167685	12690	326	375	0
167686	12763	326	375	0
167687	12832	326	375	0
167688	12906	326	375	0
167689	12973	326	375	0
167690	13047	326	375	0
167691	13121	326	375	0
167692	13184	326	375	0
167693	13264	326	375	0
167694	13323	326	375	0
167695	13389	326	375	0
167696	13457	326	375	0
167697	13549	326	375	0
167698	13596	326	375	0
167699	13659	326	375	0
167700	13732	326	375	0
167701	13795	326	375	0
167702	13864	326	375	0
167703	13929	326	375	0
167704	14014	326	375	0
167705	14075	326	375	0
167706	14132	326	375	0
167707	14197	326	375	0
167708	14275	326	375	0
167709	14360	326	375	0
167710	14459	326	375	0
167711	14530	326	375	0
167712	14619	326	375	0
167713	14690	326	375	0
167714	14786	326	375	0
167715	14865	326	375	0
167716	14923	326	375	0
167717	14996	326	375	0
167718	15059	326	375	0
167719	15141	326	375	0
167720	15203	326	375	0
167721	15270	326	375	0
167722	15350	326	375	0
167723	15426	326	375	0
167724	15517	326	375	0
167725	15584	326	375	0
167726	15663	326	375	0
167727	15762	326	375	0
167728	15827	326	375	0
167729	15893	326	375	0
167730	15965	326	375	0
167731	16034	325	376	0
167732	16104	325	376	0
167733	16183	325	375	0
167734	16243	325	376	0
167735	16299	325	376	0
167736	16396	325	375	0
167737	16458	325	376	0
167738	16528	325	376	0
167739	16592	325	376	0
167740	16680	325	375	0
167741	16741	326	375	0
167742	16811	325	376	0
167743	16869	325	376	0
167744	16933	325	376	0
167745	16996	325	376	0
167746	17062	325	375	0
167747	17131	325	375	0
167748	17219	325	375	0
167749	17296	325	376	0
167750	17356	322	376	0
167751	17429	322	376	0
167752	17508	319	376	0
167753	17589	315	376	0
167754	17659	308	376	0
167755	17764	305	376	0
167756	17852	302	377	0
167757	17920	300	382	0
167758	17987	298	384	0
167759	18082	296	388	0
167760	18126	295	390	0
167761	18194	294	391	0
167762	18259	292	393	0
167763	18322	290	394	0
167764	18388	290	394	0
167765	18451	289	394	0
167766	18523	288	394	0
167767	18596	287	394	0
167768	18661	286	393	0
167769	18724	285	391	0
167770	18818	285	390	0
167771	18887	283	388	0
167772	18955	281	383	0
167773	19026	280	381	0
167774	19091	280	378	0
167775	19158	278	372	0
167776	19214	277	368	0
167777	19280	276	361	0
167778	19334	275	357	0
167779	19426	274	354	0
167780	19495	273	347	0
167781	19558	272	341	0
167782	19629	272	337	0
167783	19688	272	331	0
167784	19755	272	326	0
167785	19831	271	322	0
167786	19921	270	320	0
167787	19988	271	313	0
167788	20081	271	310	0
167789	20151	270	304	0
167790	20212	270	300	0
167791	20257	270	297	0
167792	20312	269	291	0
167793	20384	270	286	0
167794	20455	270	280	0
167795	20545	269	275	0
167796	20625	269	266	0
167797	20683	269	260	0
167798	20753	269	254	0
167799	20849	269	247	0
167800	20910	269	242	0
167801	20977	269	232	0
167802	21025	269	226	0
167803	21093	268	223	0
167804	21186	268	219	0
167805	21282	270	211	0
167806	21356	272	197	0
167807	21455	272	190	0
167808	21512	272	181	0
167809	21568	272	178	0
167810	21628	273	171	0
167811	21693	273	166	0
167812	21768	275	159	0
167813	21833	276	150	0
167814	21892	276	147	0
167815	21955	278	141	0
167816	22038	278	135	0
167817	22110	278	129	0
167818	22185	278	118	0
167819	22246	278	112	0
167820	22322	278	109	0
167821	22388	279	101	0
167822	22451	280	95	0
167823	22547	281	93	0
167824	22626	283	86	0
167825	22709	283	78	0
167826	22785	283	73	0
167827	22855	284	67	0
167828	22922	285	62	0
167829	22977	285	59	0
167830	23054	286	57	0
167831	23122	286	53	0
167832	23189	286	50	0
167833	23260	285	48	0
167834	23330	283	45	0
167835	23409	283	41	0
167836	23478	280	35	0
167837	23550	279	35	0
167838	23617	279	34	0
167839	23687	279	35	0
167840	23766	280	35	0
167841	23842	280	35	0
167842	23886	280	36	0
167843	23954	281	36	0
167844	24025	282	37	0
167845	24086	283	37	0
167846	24183	285	38	0
167847	24249	287	40	0
167848	24349	287	40	0
167849	24419	290	41	0
167850	24486	293	42	0
167851	24577	297	43	0
167852	24648	302	44	0
167853	24718	306	44	0
167854	24817	311	46	0
167855	24880	317	46	0
167856	24946	319	47	0
167857	25006	322	48	0
167858	25072	324	49	0
167859	25145	326	51	0
167860	25181	327	51	0
167861	25256	330	53	0
167862	25337	330	54	0
167863	25412	330	54	0
167864	25484	330	54	0
167865	25583	330	56	0
167866	25664	331	59	0
167867	25733	331	61	0
167868	25809	331	61	0
167869	25901	331	61	0
167870	25956	330	62	0
167871	26016	329	63	0
167872	26082	329	65	0
167873	26153	329	69	0
167874	26241	329	77	0
167875	26309	331	85	0
167876	26388	332	90	0
167877	26444	333	98	0
167878	26516	333	101	0
167879	26609	335	110	0
167880	26705	336	119	0
167881	26784	338	126	0
167882	26851	340	133	0
167883	26943	343	141	0
167884	27009	346	149	0
167885	27075	348	152	0
167886	27155	351	158	0
167887	27237	355	167	0
167888	27302	358	172	0
167889	27379	361	178	0
167890	27440	366	187	0
167891	27509	369	190	0
167892	27582	374	193	0
167893	27653	379	196	0
167894	27748	386	201	0
167895	27842	391	206	0
167896	27937	396	213	0
167897	28006	399	217	0
167898	28074	402	220	0
167899	28137	402	223	0
167900	28214	402	227	0
167901	28290	400	231	0
167902	28366	399	235	0
167903	28415	396	243	0
167904	28481	396	245	0
167905	28545	395	248	0
167906	28608	392	257	0
167907	28677	391	263	0
167908	28771	389	269	0
167909	28843	387	280	0
167910	28887	387	282	0
167911	28937	386	288	0
167912	29020	385	295	0
167913	29083	384	300	0
167914	29165	383	306	0
167915	29238	381	315	0
167916	29280	380	318	0
167917	29347	379	322	0
167918	29412	379	325	0
167919	29481	379	330	0
167920	29568	379	333	0
167921	29643	381	338	0
167922	29700	384	341	0
167923	29782	386	345	0
167924	29873	390	349	0
167925	29933	395	353	0
167926	30015	397	355	0
167927	30077	407	360	0
167928	30147	409	361	0
167929	30241	409	362	0
167930	30306	409	365	0
167931	30402	408	367	0
167932	30474	407	372	0
167933	30546	407	373	0
167934	30616	407	375	0
167935	30708	407	377	0
167936	30781	407	377	0
167937	30864	407	377	0
167938	30949	406	378	0
167939	31010	406	377	0
167940	31105	406	377	0
167941	31202	405	378	0
167942	31269	401	383	0
167943	31340	400	386	0
167944	31408	396	392	0
167945	31483	392	398	0
167946	31571	390	403	0
167947	31645	387	408	0
167948	31717	386	408	0
167949	31809	386	408	0
167950	31879	386	408	0
167951	31939	386	408	0
167952	32012	386	407	0
167953	32097	387	406	0
167954	32150	387	403	0
167955	32210	387	401	0
167956	32275	387	401	0
167957	32371	387	399	0
167958	32436	387	398	0
167959	32508	386	396	0
167960	32589	385	396	0
167961	32702	384	395	0
167962	32773	380	395	0
167963	32853	379	395	0
167964	32917	377	394	0
167965	33000	376	394	0
167966	33058	374	392	0
167967	33127	372	392	0
167968	33205	372	391	0
167969	33296	368	390	0
167970	33351	366	385	0
167971	33419	364	384	0
167972	33477	361	381	0
167973	33539	361	379	0
167974	33611	359	377	0
167975	33692	358	377	0
167976	33763	358	376	0
167977	33810	358	375	0
167978	33883	358	375	0
167979	33971	357	375	0
167980	34040	357	375	0
167981	34101	357	376	0
167982	34176	357	375	0
167983	34242	358	376	0
167984	34309	358	376	0
167985	34381	358	376	0
167986	34460	358	376	0
167987	34524	358	376	0
167988	34599	358	376	0
167989	34662	358	375	0
167990	34740	357	375	0
167991	34806	358	376	0
167992	34872	358	376	0
167993	34928	358	376	0
167994	35006	358	376	0
167995	35080	358	376	0
167996	35148	358	376	0
167997	35235	358	376	0
167998	35299	358	375	0
167999	35382	358	376	0
168000	35438	357	376	0
168001	35484	357	376	0
168002	35548	357	375	0
168003	35627	357	375	0
168004	35698	357	375	0
168005	35791	357	375	0
168006	35854	357	375	0
168007	35905	357	375	0
168008	35977	357	375	0
168009	36065	357	375	0
168010	36148	356	375	0
168011	36229	357	375	0
168012	36298	357	376	0
168013	36358	357	376	0
168014	36436	357	375	0
168015	36505	357	376	0
168016	36587	357	375	0
168017	36644	357	375	0
168018	36709	357	376	0
168019	36781	357	375	0
168020	36863	357	375	0
168021	36955	357	376	0
168022	37028	357	375	0
168023	37099	357	375	0
168024	37164	357	375	0
168025	37237	357	375	0
168026	37307	357	375	0
168027	37390	357	375	0
168028	37445	358	376	0
168029	37505	358	376	0
168030	37573	357	375	0
168031	37642	357	375	0
168032	37729	357	375	0
168033	37811	356	375	0
168034	37865	357	375	0
168035	37933	357	376	0
168036	38002	357	376	0
168037	38097	357	375	0
168038	38156	357	374	0
168039	38225	356	372	0
168040	38283	355	370	0
168041	38359	355	369	0
168042	38420	354	367	0
168043	38498	354	367	0
168044	38565	354	368	0
168045	38660	355	369	0
168046	38702	355	370	0
168047	38776	355	371	0
168048	38854	355	372	0
168049	38930	355	372	0
168050	38999	355	376	0
168051	39067	352	380	0
168052	39139	351	383	0
168053	39195	347	386	0
168054	39256	345	389	0
168055	39312	343	394	0
168056	39383	343	394	0
168057	39447	344	396	0
168058	39530	343	397	0
168059	39602	343	397	0
168060	39693	343	397	0
168061	39765	343	397	0
168062	39862	343	397	0
168063	39930	343	397	0
168064	40002	343	397	0
168065	40092	343	397	0
168066	40163	343	397	0
168067	40219	343	398	0
168068	40287	343	398	0
168069	40348	343	398	0
168070	40411	343	398	0
168071	40472	343	398	0
168072	40538	343	398	0
168073	40592	343	398	0
168074	40664	343	398	0
168075	40725	344	398	0
168076	40800	346	400	0
168077	40867	347	401	0
168078	40933	350	407	0
168079	40999	353	413	0
168080	41065	354	416	0
168081	41146	356	421	0
168082	41200	356	426	0
168083	41260	357	426	0
168084	41332	356	427	0
168085	41400	356	426	0
168086	41479	356	426	0
168087	41539	356	423	0
168088	41593	356	422	0
168089	41666	356	422	0
168090	41701	357	420	0
168091	41771	357	420	0
168092	41859	357	418	0
168093	41925	357	417	0
168094	42003	356	415	0
168095	42064	355	414	0
168096	42133	356	411	0
168097	42198	356	408	0
168098	42292	356	405	0
168099	42355	356	402	0
168100	42421	356	397	0
168101	42495	357	394	0
168102	42533	356	393	0
168103	42592	356	389	0
168104	42667	357	386	0
168105	42753	357	381	0
168106	42813	358	374	0
168107	42886	357	373	0
168108	42939	357	368	0
168109	43003	358	363	0
168110	43059	358	361	0
168111	43155	359	360	0
168112	43242	359	358	0
168113	43304	361	355	0
168114	43394	361	354	0
168115	43455	361	353	0
168116	43528	364	346	0
168117	43592	366	340	0
168118	43684	366	338	0
168119	43763	365	336	0
168120	43892	364	332	0
168121	43983	363	325	0
168122	44050	362	316	0
168123	44123	362	313	0
168124	44192	362	304	0
168125	44266	363	297	0
168126	44365	363	291	0
168127	44432	363	282	0
168128	44501	363	275	0
168129	44560	363	269	0
168130	44658	363	267	0
168131	44753	363	256	0
168132	44819	361	244	0
168133	44893	361	238	0
168134	44960	361	235	0
168135	45021	362	228	0
168136	45077	363	225	0
168137	45156	365	222	0
168138	45249	365	219	0
168139	45295	365	215	0
168140	45365	365	213	0
168141	45458	364	206	0
168142	45554	363	199	0
168143	45649	363	194	0
168144	45725	362	182	0
168145	45795	361	179	0
168146	45859	360	171	0
168147	45925	358	164	0
168148	45980	356	158	0
168149	46054	355	151	0
168150	46121	354	149	0
168151	46165	352	143	0
168152	46230	351	136	0
168153	46298	349	130	0
168154	46378	347	123	0
168155	46439	346	114	0
168156	46503	344	106	0
168157	46573	343	104	0
168158	46651	342	99	0
168159	46721	340	93	0
168160	46785	339	90	0
168161	46856	339	87	0
168162	46925	338	87	0
168163	46992	338	87	0
168164	47057	338	87	0
168165	47117	338	87	0
168166	47183	339	87	0
168167	47250	341	84	0
168168	47314	342	84	0
168169	47366	345	81	0
168170	47454	346	79	0
168171	47517	348	75	0
168172	47573	348	73	0
168173	47622	347	73	0
168174	47703	347	72	0
168175	47761	345	67	0
168176	47828	344	65	0
168177	47930	341	61	0
168178	48007	338	55	0
168179	48082	337	53	0
168180	48144	336	50	0
168181	48187	333	47	0
168182	48256	333	46	0
168183	48317	332	46	0
168184	48373	332	47	0
168185	48451	331	48	0
168186	48518	330	48	0
168187	48587	331	49	0
168188	48659	331	50	0
168189	48720	331	51	0
168190	48785	331	51	0
168191	48848	329	52	0
168192	48914	326	54	0
168193	48990	326	55	0
168194	49051	326	56	0
168195	49124	326	58	0
168196	49194	325	60	0
168197	49256	324	62	0
168198	49320	324	64	0
168199	49376	323	66	0
168200	49453	322	67	0
168201	49510	320	70	0
168202	49586	319	72	0
168203	49654	316	74	0
168204	49713	314	76	0
168205	49780	311	77	0
168206	49824	308	78	0
168207	49895	306	79	0
168208	49963	304	80	0
168209	50027	302	81	0
168210	50102	298	83	0
168211	50183	298	84	0
168212	50254	299	84	0
168213	50321	298	86	0
168214	50378	299	87	0
168215	50438	297	91	0
168216	50516	296	98	0
168217	50585	295	104	0
168218	50655	295	109	0
168219	50716	294	115	0
168220	50793	294	121	0
168221	50872	293	126	0
168222	50953	293	131	0
168223	51016	293	136	0
168224	51086	292	139	0
168225	51158	292	139	0
168226	51225	290	139	0
168227	51306	287	141	0
168228	51366	283	144	0
168229	51411	279	147	0
168230	51485	277	149	0
168231	51557	274	150	0
168232	51620	271	152	0
168233	51719	265	155	0
168234	51799	262	156	0
168235	51866	257	157	0
168236	51936	257	157	0
168237	52007	253	157	0
168238	52069	246	156	0
168239	52140	245	156	0
168240	52211	239	155	0
168241	52275	233	155	0
168242	52347	231	155	0
168243	52417	224	156	0
168244	52484	219	156	0
168245	52554	214	156	0
168246	52609	208	156	0
168247	52675	206	156	0
168248	52739	201	157	0
168249	52793	200	157	0
168250	52876	198	159	0
168251	52945	197	162	0
168252	53032	195	164	0
168253	53110	194	175	0
168254	53175	193	178	0
168255	53236	193	183	0
168256	53291	192	188	0
168257	53367	191	195	0
168258	53445	188	204	0
168259	53515	187	208	0
168260	53597	186	212	0
168261	53682	185	218	0
168262	53778	184	223	0
168263	53838	182	235	0
168264	53904	182	240	0
168265	53973	182	246	0
168266	54040	182	249	0
168267	54101	184	257	0
168268	54172	184	260	0
168269	54240	184	269	0
168270	54301	184	275	0
168271	54355	184	280	0
168272	54418	184	283	0
168273	54480	184	288	0
168274	54547	184	289	0
168275	54610	185	291	0
168276	54673	185	292	0
168277	54741	183	295	0
168278	54812	183	298	0
168279	54894	183	301	0
168280	54978	182	305	0
168281	55037	182	312	0
168282	55110	182	316	0
168283	55184	183	318	0
168284	55249	182	322	0
168285	55316	182	323	0
168286	55410	181	324	0
168287	55476	181	324	0
168288	55537	181	324	0
168289	55584	181	324	0
168290	55650	182	324	0
168291	55723	184	326	0
168292	55810	188	329	0
168293	55902	192	331	0
168294	55971	202	338	0
168295	56036	207	343	0
168296	56094	209	345	0
168297	56157	213	348	0
168298	56229	216	349	0
168299	56312	218	349	0
168300	56392	223	349	0
168301	56448	226	349	0
168302	56516	230	349	0
168303	56579	232	349	0
168304	56649	236	350	0
168305	56723	239	352	0
168306	56790	242	353	0
168307	56857	244	354	0
168308	56915	246	356	0
168309	56978	246	356	0
168310	57045	246	356	0
168311	57121	247	358	0
168312	57192	248	361	0
168313	57249	250	366	0
168314	57314	250	367	0
168315	57410	251	370	0
168316	57470	252	375	0
168317	57526	253	382	0
168318	57590	253	387	0
168319	57649	253	393	0
168320	57723	253	396	0
168321	57788	253	402	0
168322	57862	253	409	0
168323	57938	253	415	0
168324	58022	253	421	0
168325	58086	253	429	0
168326	58144	253	431	0
168327	58209	254	433	0
168328	58274	255	434	0
168329	58343	255	434	0
168330	58403	255	438	0
168331	58454	255	438	0
168332	58543	255	439	0
168333	58619	255	439	0
168334	58676	255	439	0
168335	58737	255	440	0
168336	58811	255	440	0
168337	58873	255	439	0
168338	58936	253	441	0
168339	59004	252	445	0
168340	59074	250	449	0
168341	59134	249	451	0
168342	59199	246	458	0
168343	59261	246	457	0
168344	59307	246	456	0
168345	59349	246	456	0
168346	59441	246	456	0
168347	59497	247	454	0
168348	59560	247	453	0
168349	59616	249	451	0
168350	59676	249	451	0
168351	59730	249	450	0
168352	59785	249	450	0
168353	59874	249	449	0
168354	59940	249	448	0
168355	60031	249	447	0
168356	60107	250	446	0
168357	60166	250	446	0
168358	60224	249	443	0
168359	60294	249	442	0
168360	60349	250	441	0
168361	60419	251	439	0
168362	60487	251	436	0
168363	60541	252	431	0
168364	60601	252	429	0
168365	60645	253	428	0
168366	60713	253	424	0
168367	60779	253	419	0
168368	60846	253	416	0
168369	60908	253	414	0
168370	60961	254	414	0
168371	61020	254	414	0
168372	61097	254	414	0
168373	61156	254	414	0
168374	61228	255	414	0
168375	61295	255	413	0
168376	61365	255	410	0
168377	61421	255	409	0
168378	61478	255	406	0
168379	61540	256	403	0
168380	61623	256	400	0
168381	61730	256	396	0
168382	61788	257	396	0
168383	61875	257	394	0
168384	61933	258	389	0
168385	61998	258	384	0
168386	62066	258	379	0
168387	62131	257	375	0
168388	62174	256	369	0
168389	62241	255	366	0
168390	62305	255	361	0
168391	62391	253	355	0
168392	62448	253	346	0
168393	62531	253	343	0
168394	62580	252	338	0
168395	62642	250	333	0
168396	62695	249	330	0
168397	62756	248	328	0
168398	62834	247	326	0
168399	62898	245	322	0
168400	62980	243	318	0
168401	63041	241	313	0
168402	63103	238	308	0
168403	63167	237	303	0
168404	63227	235	298	0
168405	63287	235	293	0
168406	63360	235	290	0
168407	63426	233	282	0
168408	63494	233	279	0
168409	63551	231	272	0
168410	63621	229	267	0
168411	63680	228	262	0
168412	63740	226	256	0
168413	63806	225	252	0
168414	63873	223	247	0
168415	63937	222	243	0
168416	63996	220	238	0
168417	64062	217	234	0
168418	64118	215	232	0
168419	64178	212	228	0
168420	64235	210	227	0
168421	64292	207	224	0
168422	64349	205	222	0
168423	64424	203	222	0
168424	64480	194	220	0
168425	64550	194	220	0
168426	64607	194	220	0
168427	64704	195	220	0
168428	64795	196	215	0
168429	64861	198	209	0
168430	64934	200	203	0
168431	65018	202	197	0
168432	65068	204	190	0
168433	65136	205	187	0
168434	65200	206	182	0
168435	65265	207	177	0
168436	65329	207	174	0
168437	65394	210	165	0
168438	65467	212	158	0
168439	65552	212	156	0
168440	65623	215	147	0
168441	65679	216	139	0
168442	65740	217	135	0
168443	65797	219	129	0
168444	65868	219	123	0
168445	65925	219	117	0
168446	65991	220	111	0
168447	66063	220	105	0
168448	66132	220	98	0
168449	66221	221	93	0
168450	66299	223	90	0
168451	66361	225	87	0
168452	66420	231	82	0
168453	66474	233	78	0
168454	66561	236	75	0
168455	66626	238	72	0
168456	66700	239	69	0
168457	66774	238	67	0
168458	66835	236	60	0
168459	66895	233	55	0
168460	66957	232	51	0
168461	67058	230	47	0
168462	67103	229	43	0
168463	67171	228	39	0
168464	67257	228	36	0
168465	67321	228	34	0
168466	67393	227	35	0
168467	67459	227	35	0
168468	67525	227	36	0
168469	67592	228	37	0
168470	67655	232	34	0
168471	67717	233	33	0
168472	67794	233	33	0
168473	67863	233	33	0
168474	67935	233	34	0
168475	68011	233	35	0
168476	68068	233	37	0
168477	68142	232	38	0
168478	68236	232	41	0
168479	68314	231	42	0
168480	68375	231	44	0
168481	68436	231	44	0
168482	68499	230	45	0
168483	68569	227	46	0
168484	68635	227	46	0
168485	68691	226	45	0
168486	68764	225	45	0
168487	68844	225	46	0
168488	68920	225	46	0
168489	68995	222	49	0
168490	69093	220	51	0
168491	69166	218	53	0
168492	69233	217	54	0
168493	69301	216	59	0
168494	69380	214	61	0
168495	69438	213	66	0
168496	69511	212	72	0
168497	69598	210	76	0
168498	69668	206	83	0
168499	69736	202	88	0
168500	69804	200	92	0
168501	69891	196	96	0
168502	69973	191	102	0
168503	70030	187	105	0
168504	70102	185	107	0
168505	70193	181	111	0
168506	70254	177	114	0
168507	70331	172	116	0
168508	70399	169	117	0
168509	70467	165	120	0
168510	70534	162	121	0
168511	70621	154	124	0
168512	70698	149	126	0
168513	70780	143	128	0
168514	70830	140	128	0
168515	70891	138	128	0
168516	70960	138	128	0
168517	71027	138	128	0
168518	71086	138	128	0
168519	71153	138	128	0
168520	71227	139	128	0
168521	71285	137	129	0
168522	71343	137	128	0
168523	71399	138	128	0
168524	71456	138	128	0
168525	71525	138	128	0
168526	71589	138	128	0
168527	71647	138	128	0
168528	71716	138	128	0
168529	71793	138	128	0
168530	71854	138	128	0
168531	71920	139	128	0
168532	71988	140	128	0
168533	72054	141	129	0
168534	72118	141	130	0
168535	72196	141	132	0
168536	72261	141	138	0
168537	72331	142	141	0
168538	72409	142	146	0
168539	72491	142	154	0
168540	72531	142	157	0
168541	72590	142	163	0
168542	72659	142	166	0
168543	72722	142	174	0
168544	72787	142	179	0
168545	72849	142	184	0
168546	72895	142	187	0
168547	72961	142	190	0
168548	73014	142	199	0
168549	73057	141	202	0
168550	73126	141	207	0
168551	73195	140	213	0
168552	73263	139	219	0
168553	73323	138	225	0
168554	73371	136	229	0
168555	73425	135	231	0
168556	73496	135	232	0
168557	73563	132	239	0
168558	73642	130	244	0
168559	73714	129	248	0
168560	73789	129	248	0
168561	73858	128	249	0
168562	73900	128	249	0
168563	73982	128	249	0
168564	74051	127	250	0
168565	74121	124	251	0
168566	74184	124	251	0
168567	74244	122	252	0
168568	74297	120	254	0
168569	74353	119	255	0
168570	74419	119	255	0
168571	74483	119	255	0
168572	74553	119	255	0
168573	74621	119	255	0
168574	74691	118	256	0
168575	74761	118	256	0
168576	74827	118	256	0
168577	74916	118	255	0
168578	74990	115	256	0
168579	75069	110	260	0
168580	75155	107	263	0
168581	75248	102	268	0
168582	75315	97	274	0
168583	75370	92	278	0
168584	75431	92	279	0
168585	75500	90	283	0
168586	75589	86	286	0
168587	75652	79	291	0
168588	75748	76	293	0
168589	75820	71	296	0
168590	75865	68	298	0
168591	75957	63	301	0
168592	76018	60	303	0
168593	76084	57	306	0
168594	76155	54	309	0
168595	76220	54	309	0
168596	76291	55	309	0
168597	76359	55	309	0
168598	76452	55	308	0
168599	76517	55	308	0
168600	76589	55	307	0
168601	76651	55	307	0
168602	76718	55	306	0
168603	76785	55	306	0
168604	76853	55	306	0
168605	76946	55	306	0
168606	77019	55	306	0
168607	77097	56	306	0
168608	77178	57	306	0
168609	77236	58	307	0
168610	77314	58	308	0
168611	77385	58	311	0
168612	77450	58	314	0
168613	77522	58	317	0
168614	77589	59	318	0
168615	77682	59	321	0
168616	77755	60	324	0
168617	77816	61	328	0
168618	77890	61	330	0
168619	77951	64	334	0
168620	78011	65	335	0
168621	78075	66	336	0
168622	78150	68	339	0
168623	78225	69	340	0
168624	78312	71	345	0
168625	78361	73	348	0
168626	78451	74	350	0
168627	78514	76	354	0
168628	78580	78	357	0
168629	78653	80	361	0
168630	78729	81	365	0
168631	78817	85	371	0
168632	78893	87	372	0
168633	78946	91	375	0
168634	79010	91	376	0
168635	79055	92	378	0
168636	79125	95	381	0
168637	79227	99	385	0
168638	79314	102	389	0
168639	79379	104	392	0
168640	79454	108	395	0
168641	79511	109	396	0
168642	79587	114	401	0
168643	79658	117	403	0
168644	79722	120	407	0
168645	79786	123	409	0
168646	79880	126	410	0
168647	79950	128	412	0
168648	80013	132	415	0
168649	80077	134	417	0
168650	80142	137	419	0
168651	80203	140	421	0
168652	80264	141	421	0
168653	80355	142	421	0
168654	80417	144	421	0
168655	80488	147	424	0
168656	80567	150	425	0
168657	80624	154	428	0
168658	80681	156	429	0
168659	80737	156	429	0
168660	80814	156	429	0
168661	80877	156	429	0
168662	80934	155	429	0
168663	81010	156	431	0
168664	81092	157	430	0
168665	81172	157	429	0
168666	81250	157	429	0
168667	81321	157	429	0
168668	81387	158	429	0
168669	81444	160	429	0
168670	81509	161	428	0
168671	81588	162	427	0
168672	81648	166	424	0
168673	81717	168	422	0
168674	81787	171	419	0
168675	81881	171	418	0
168676	81975	175	415	0
168677	82050	176	414	0
168678	82116	177	414	0
168679	82185	177	414	0
168680	82251	177	415	0
168681	82321	178	416	0
168682	82392	181	417	0
168683	82470	183	418	0
168684	82534	185	418	0
168685	82591	191	422	0
168686	82662	192	423	0
168687	82722	195	426	0
168688	82786	197	428	0
168689	82882	200	430	0
168690	82963	206	434	0
168691	83046	213	438	0
168692	83138	221	443	0
168693	83185	227	446	0
168694	83250	231	448	0
168695	83347	240	451	0
168696	83438	247	454	0
168697	83507	253	454	0
168698	83584	255	453	0
168699	83653	256	453	0
168700	83732	257	454	0
168701	83806	257	454	0
168702	83874	255	454	0
168703	83929	255	454	0
168704	84005	254	454	0
168705	84061	253	454	0
168706	84135	253	454	0
168707	84198	253	455	0
168708	84280	253	456	0
168709	84338	253	456	0
168710	84401	253	458	0
168711	84475	253	458	0
168712	84546	253	458	0
168713	84620	254	458	0
168714	84711	254	457	0
168715	84789	254	456	0
168716	84855	254	455	0
168717	84922	255	454	0
168718	85008	255	451	0
168719	85091	255	450	0
168720	85176	255	449	0
168721	85237	257	447	0
168722	85280	257	447	0
168723	85351	258	445	0
168724	85416	261	443	0
168725	85484	262	442	0
168726	85574	265	440	0
168727	85645	269	438	0
168728	85710	269	438	0
168729	85782	271	438	0
168730	85839	272	438	0
168731	85905	274	438	0
168732	85964	278	438	0
168733	86036	281	438	0
168734	86077	283	437	0
168735	86156	284	437	0
168736	86243	286	437	0
168737	86309	289	438	0
168738	86401	293	438	0
168739	86478	299	438	0
168740	86546	301	438	0
168741	86633	306	438	0
168742	86708	309	438	0
168743	86786	309	438	0
168744	86860	309	438	0
168745	86933	309	438	0
168746	86996	309	438	0
168747	87051	309	438	0
168748	87138	309	438	0
168749	87204	309	438	0
168750	87268	309	438	0
168751	87345	309	438	0
168752	87411	309	438	0
168753	87477	309	438	0
168754	87568	309	438	0
168755	87636	309	438	0
168756	87702	309	440	0
168757	87768	309	440	0
168758	87829	310	443	0
168759	87906	312	444	0
168760	87977	314	445	0
168761	88043	314	445	0
168762	88097	313	444	0
168763	88178	313	444	0
168764	88244	312	443	0
168765	88338	312	443	0
168766	88403	312	443	0
168767	88469	312	443	0
168768	88545	312	443	0
168769	88606	311	443	0
168770	88671	311	443	0
168771	88740	311	443	0
168772	88817	311	443	0
168773	88878	311	443	0
168774	88940	311	443	0
168775	88999	311	443	0
168776	89060	311	443	0
168777	89115	311	443	0
168778	89204	310	443	0
168779	89299	310	444	0
168780	89374	309	445	0
168781	89418	309	445	0
168782	89478	309	444	0
168783	89569	309	444	0
168784	89638	309	443	0
168785	89709	309	443	0
168786	89810	309	443	0
168787	89881	309	443	0
168788	89949	309	443	0
168789	90021	309	443	0
168790	90065	309	443	0
168791	90134	309	443	0
168792	90206	309	443	0
168793	90279	309	443	0
168794	90370	309	443	0
168795	90440	308	442	0
168796	90506	309	440	0
168797	90572	308	437	0
168798	90645	308	436	0
168799	90725	307	434	0
168800	90801	306	428	0
168801	90869	306	422	0
168802	90931	306	418	0
168803	91003	305	415	0
168804	91044	306	409	0
168805	91110	306	405	0
168806	91203	307	399	0
168807	91265	308	390	0
168808	91334	308	385	0
168809	91405	310	382	0
168810	91477	312	373	0
168811	91544	313	368	0
168812	91610	314	364	0
168813	91687	316	361	0
168814	91766	316	360	0
168815	91829	318	358	0
168816	91901	318	358	0
168817	91971	318	358	0
168818	92033	318	358	0
168819	92101	318	358	0
168820	92202	318	358	0
168821	92266	318	358	0
168822	92340	318	358	0
168823	92432	318	358	0
168824	92504	318	358	0
168825	92569	318	358	0
168826	92671	318	358	0
168827	92749	318	358	0
168828	92810	318	358	0
168829	92876	318	358	0
168830	92963	318	358	0
168831	93037	318	358	0
168832	93108	318	358	0
168833	93188	318	358	0
168834	93241	318	358	0
168835	93303	318	358	0
168836	93396	318	358	0
168837	93473	318	358	0
168838	93549	318	358	0
168839	93636	318	358	0
168840	93729	318	358	0
168841	93829	318	358	0
168842	93877	318	358	0
168843	93941	318	358	0
168844	94013	318	358	0
168845	94073	318	358	0
168846	94163	318	358	0
168847	94280	318	358	0
168848	94372	318	358	0
168849	94499	318	358	0
168850	94605	318	358	0
168851	94699	318	358	0
168852	94774	318	358	0
168853	94873	318	358	0
168854	94968	318	358	0
168855	95064	318	358	0
168856	95138	318	358	0
168857	95210	318	358	0
168858	95270	318	358	0
168859	95416	318	358	0
168860	95480	318	357	0
168861	95549	320	353	0
168862	95644	321	351	0
168863	95737	321	345	0
168864	95793	322	337	0
168865	95863	323	333	0
168866	95961	323	329	0
168867	96040	324	326	0
168868	96100	326	323	0
168869	96194	327	323	0
168870	96267	326	324	0
168871	96362	326	324	0
168872	96486	326	324	0
168873	96615	326	324	0
168874	96720	326	324	0
168875	96799	326	324	0
168876	96940	326	324	0
168877	97067	324	321	0
168878	97167	324	316	0
168879	97233	325	311	0
168880	97332	326	308	0
168881	97424	326	308	0
168882	97494	326	309	0
168883	97557	326	309	0
168884	97640	326	309	0
168885	97729	326	309	0
168886	97803	326	309	0
168887	97920	326	309	0
168888	98005	326	309	0
168889	98079	326	308	0
168890	98163	326	308	0
168891	98235	326	308	0
168892	98292	326	308	0
168893	98398	326	308	0
168894	98474	326	309	0
168895	98560	327	310	0
168896	98656	326	313	0
168897	98725	326	314	0
168898	98804	326	315	0
168899	98876	326	319	0
168900	98992	326	319	0
168901	99071	326	319	0
168902	99154	330	324	0
168903	99228	333	328	0
168904	99330	336	332	0
168905	99396	337	333	0
168906	99494	346	341	0
168907	99707	351	346	0
168908	99784	361	357	0
168909	99890	364	360	0
168910	99986	363	360	0
168911	100052	363	361	0
168912	100135	362	364	0
168913	100256	361	370	0
168914	100323	361	378	0
168915	100390	362	384	0
168916	100537	363	391	0
168917	100624	363	404	0
168918	100691	361	409	0
168919	100789	361	410	0
168920	100893	360	416	0
168921	100993	359	420	0
168922	101080	359	426	0
168923	101164	359	427	0
168924	101254	359	427	0
168925	101330	358	427	0
168926	101393	358	426	0
168927	101470	357	426	0
168928	101556	356	426	0
168929	101657	354	428	0
168930	101790	352	429	0
168931	101866	348	432	0
168932	101978	345	433	0
168933	102068	344	432	0
168934	102122	340	432	0
168935	102228	338	433	0
168936	102298	335	434	0
168937	102386	332	436	0
168938	102489	329	437	0
168939	102537	327	439	0
168940	102627	325	440	0
168941	102723	324	440	0
168942	102820	322	441	0
168943	102923	321	442	0
168944	102973	321	442	0
168945	103058	320	442	0
168946	103163	320	442	0
168947	103252	320	442	0
168948	103334	320	442	0
168949	103458	320	442	0
168950	103525	320	441	0
168951	103667	320	441	0
168952	103749	320	441	0
168953	103830	318	439	0
168954	103931	318	438	0
168955	104021	316	436	0
168956	104114	313	434	0
168957	104198	309	430	0
168958	104299	309	430	0
168959	104391	305	428	0
168960	104509	305	427	0
168961	104567	305	427	0
168962	104628	305	427	0
168963	104721	305	427	0
168964	104791	303	426	0
168965	104891	303	425	0
168966	104995	302	425	0
168967	105067	302	425	0
168968	105157	302	425	0
168969	105283	302	425	0
168970	105359	302	425	0
168971	105457	302	425	0
168972	105520	302	425	0
168973	105595	302	425	0
168974	105690	302	425	0
168975	105794	302	425	0
168976	105892	302	425	0
168977	106019	302	425	0
168978	106113	302	425	0
168979	106180	302	425	0
168980	106240	302	425	0
168981	106299	302	425	0
168982	106403	302	425	0
168983	106551	302	425	0
168984	106626	303	425	0
168985	106689	303	425	0
168986	106749	303	424	0
168987	106848	302	423	0
168988	106915	298	421	0
168989	106981	298	420	0
168990	107061	295	419	0
168991	107153	295	418	0
168992	107218	295	418	0
168993	107280	295	418	0
168994	107353	295	418	0
168995	107412	295	418	0
168996	107523	294	418	0
168997	107621	294	418	0
168998	107712	294	418	0
168999	107810	293	418	0
169000	107855	293	418	0
169001	107926	293	418	0
169002	108007	293	418	0
169003	108122	293	418	0
169004	108195	293	418	0
169005	108297	293	418	0
169006	108385	293	418	0
169007	108451	293	418	0
169008	108548	289	418	0
169009	108610	285	418	0
169010	108715	278	418	0
169011	108791	276	418	0
169012	108890	273	418	0
169013	108950	273	418	0
169014	109075	272	418	0
169015	109121	272	418	0
169016	109188	272	419	0
169017	109315	272	419	0
169018	109446	272	418	0
169019	109546	272	418	0
169020	109622	272	418	0
169021	109714	272	419	0
169022	109800	272	418	0
169023	109871	272	418	0
169024	109949	272	418	0
169025	110018	272	418	0
169026	110100	272	418	0
169027	110220	271	418	0
169028	110275	265	418	0
169029	110348	261	419	0
169030	110419	258	420	0
169031	110481	255	421	0
169032	110576	249	425	0
169033	110667	244	429	0
169034	110750	241	432	0
169035	110854	239	433	0
169036	110945	235	437	0
169037	111038	235	440	0
169038	111148	235	442	0
169039	111228	234	443	0
169040	111346	234	442	0
169041	111458	234	441	0
169042	111515	230	440	0
169043	111615	225	438	0
169044	111714	223	437	0
169045	111844	217	435	0
169046	111911	207	431	0
169047	112013	206	431	0
169048	112117	202	430	0
169049	112187	200	430	0
169050	112252	200	430	0
169051	112342	200	430	0
169052	112386	200	428	0
169053	112457	200	428	0
169054	112534	200	427	0
169055	112611	200	422	0
169056	112704	199	419	0
169057	112801	201	406	0
169058	112885	202	401	0
169059	112947	203	392	0
169060	113051	204	387	0
169061	113139	205	386	0
169062	113201	205	384	0
169063	113293	206	383	0
169064	113381	206	379	0
169065	113442	207	373	0
169066	113509	207	372	0
169067	113609	209	367	0
169068	113722	210	359	0
169069	113829	211	352	0
169070	113883	212	345	0
169071	114003	212	340	0
169072	114082	214	327	0
169073	114300	214	325	0
169074	114400	214	303	0
169075	114455	214	293	0
169076	114557	214	292	0
169077	114650	215	283	0
169078	114717	215	275	0
169079	114802	215	268	0
169080	114892	215	257	0
169081	114987	214	255	0
169082	115082	214	240	0
169083	115175	213	231	0
169084	115252	213	220	0
169085	115315	213	214	0
169086	115397	212	207	0
169087	115451	212	201	0
169088	115516	212	194	0
169089	115602	212	187	0
169090	115675	213	179	0
169091	115778	213	176	0
169092	115841	213	168	0
169093	115914	212	160	0
169094	116008	212	155	0
169095	116109	212	147	0
169096	116169	212	141	0
169097	116252	211	138	0
169098	116341	210	133	0
169099	116465	209	129	0
169100	116524	212	123	0
169101	116611	212	123	0
169102	116737	212	120	0
169103	116809	209	118	0
169104	116948	205	114	0
169105	117042	205	113	0
169106	117113	201	108	0
169107	117234	200	103	0
169108	117373	197	93	0
169109	117506	195	88	0
169110	117602	194	81	0
169111	117668	193	75	0
169112	117800	192	71	0
169113	117910	191	67	0
169114	118002	192	62	0
169115	118107	195	55	0
169116	118171	199	47	0
169117	118242	200	45	0
169118	118337	202	41	0
169119	118474	204	36	0
169120	118600	204	37	0
169121	118705	203	38	0
169122	118770	202	42	0
169123	118836	202	43	0
169124	118927	203	45	0
169125	118973	202	46	0
169126	119068	204	48	0
169127	119145	204	49	0
169128	119235	205	49	0
169129	119329	205	52	0
169130	119404	205	52	0
169131	119474	206	53	0
169132	119538	206	54	0
169133	119636	206	54	0
169134	119731	206	54	0
169135	119835	206	54	0
169136	119929	206	55	0
169137	120012	206	55	0
169138	120099	206	55	0
169139	120167	206	56	0
169140	120277	205	57	0
169141	120373	205	59	0
169142	120501	204	62	0
169143	120616	204	67	0
169144	120708	204	73	0
169145	120780	204	75	0
169146	120873	204	82	0
169147	121003	204	87	0
169148	121070	206	98	0
169149	121140	207	101	0
169150	121204	208	105	0
169151	121298	211	112	0
169152	121365	213	118	0
169153	121444	214	121	0
169154	121542	216	125	0
169155	121635	220	133	0
169156	121700	222	138	0
169157	121771	224	144	0
169158	121877	225	146	0
169159	122003	228	156	0
169160	122099	230	162	0
169161	122171	235	169	0
169162	122241	237	171	0
169163	122325	240	176	0
169164	122412	241	180	0
169165	122508	244	187	0
169166	122631	247	194	0
169167	122706	252	204	0
169168	122802	254	207	0
169169	122867	258	212	0
169170	122965	260	216	0
169171	123057	263	223	0
169172	123104	265	229	0
169173	123202	265	231	0
169174	123268	265	234	0
169175	123340	266	239	0
169176	123462	267	244	0
169177	123548	265	255	0
169178	123663	265	260	0
169179	123765	265	268	0
169180	123865	265	275	0
169181	123933	265	285	0
169182	123977	265	287	0
169183	124087	264	291	0
169184	124148	264	296	0
169185	124207	264	300	0
169186	124296	265	304	0
169187	124365	266	307	0
169188	124466	268	310	0
169189	124628	271	312	0
169190	124765	280	324	0
169191	124873	283	332	0
169192	124999	283	335	0
169193	125131	283	337	0
169194	125195	283	338	0
169195	125242	282	339	0
169196	125308	281	343	0
169197	125400	279	349	0
169198	125492	276	358	0
169199	125581	274	366	0
169200	125674	273	371	0
169201	125762	272	376	0
169202	125892	272	376	0
169203	126007	272	376	0
169204	126088	272	376	0
169205	126161	272	376	0
169206	126227	272	376	0
169207	126322	272	376	0
169208	126407	272	376	0
169209	126475	272	376	0
169210	126571	272	376	0
169211	126660	272	376	0
169212	126755	272	376	0
169213	126830	272	376	0
169214	126931	272	376	0
169215	126984	272	376	0
169216	127047	272	376	0
169217	127121	272	376	0
169218	127194	272	376	0
169219	127275	272	376	0
169220	127331	272	376	0
169221	127426	272	376	0
169222	127497	272	376	0
169223	127649	272	376	0
169224	127740	272	376	0
169225	127828	272	376	0
169226	127893	272	376	0
169227	127957	272	376	0
169228	128032	272	376	0
169229	128164	272	376	0
169230	128238	272	376	0
169231	128329	272	376	0
169232	128428	272	377	0
169233	128541	272	378	0
169234	128617	270	379	0
169235	128723	267	384	0
169236	128818	265	389	0
169237	128859	263	394	0
169238	128947	261	399	0
169239	129024	261	400	0
169240	129097	260	402	0
169241	129154	260	403	0
169242	129234	260	402	0
169243	129329	260	403	0
169244	129393	260	403	0
169245	129488	260	403	0
169246	129619	260	404	0
169247	129694	261	404	0
169248	129766	260	405	0
169249	129860	260	405	0
169250	129993	260	405	0
169251	130072	260	405	0
169252	130161	260	405	0
169253	130249	261	406	0
169254	130312	263	410	0
169255	130393	263	415	0
169256	130499	262	416	0
169257	130661	260	419	0
169258	130757	260	420	0
169259	130858	260	420	0
169260	130989	261	421	0
169261	131093	263	423	0
169262	131186	265	427	0
169263	131301	266	429	0
169264	131427	270	439	0
169265	131506	274	445	0
169266	131586	276	446	0
169267	131650	280	455	0
169268	131723	281	456	0
169269	131794	282	455	0
169270	131922	282	455	0
169271	132016	282	452	0
169272	132087	281	450	0
169273	132166	280	448	0
169274	132262	278	448	0
169275	132323	278	447	0
169276	132395	278	446	0
169277	132535	278	445	0
169278	132628	276	442	0
169279	132692	275	441	0
169280	132763	275	439	0
169281	132881	275	435	0
169282	132945	274	432	0
169283	132992	274	432	0
169284	133059	274	432	0
169285	133153	275	431	0
169286	133221	276	428	0
169287	133304	278	426	0
169288	133388	279	421	0
169289	133465	279	420	0
169290	133560	280	414	0
169291	133656	280	408	0
169292	133734	282	401	0
169293	133829	283	395	0
169294	133921	284	390	0
169295	134008	285	382	0
169296	134081	286	374	0
169297	134189	286	372	0
169298	134272	287	365	0
169299	134332	290	356	0
169300	134420	292	352	0
169301	134514	293	344	0
169302	134581	296	336	0
169303	134635	297	330	0
169304	134725	298	327	0
169305	134816	300	320	0
169306	134883	303	309	0
169307	134946	303	308	0
169308	135022	305	300	0
169309	135122	306	297	0
169310	135209	307	289	0
169311	135283	309	281	0
169312	135346	311	272	0
169313	135426	312	267	0
169314	135518	313	260	0
169315	135599	313	252	0
169316	135671	316	244	0
169317	135749	316	239	0
169318	135893	317	232	0
169319	135958	319	217	0
169320	136016	320	210	0
169321	136084	320	204	0
169322	136168	320	198	0
169323	136256	321	189	0
169324	136324	324	185	0
169325	136384	326	182	0
169326	136449	327	181	0
169327	136513	329	178	0
169328	136583	332	174	0
169329	136649	334	168	0
169330	136758	337	163	0
169331	136849	341	153	0
169332	136987	345	141	0
169333	137125	346	138	0
169334	137255	351	135	0
169335	137341	355	134	0
169336	137408	361	129	0
169337	137483	365	126	0
169338	137594	369	123	0
169339	137671	372	121	0
169340	137777	374	118	0
169341	137872	376	114	0
169342	137957	379	105	0
169343	138020	379	104	0
169344	138103	379	104	0
169345	138182	380	104	0
169346	138275	381	105	0
169347	138320	381	105	0
169348	138388	381	105	0
169349	138457	382	103	0
169350	138557	382	103	0
169351	138637	380	102	0
169352	138755	380	96	0
169353	138855	379	89	0
169354	139010	378	84	0
169355	139074	378	76	0
169356	139122	377	76	0
169357	139185	377	75	0
169358	139283	377	75	0
169359	139382	376	74	0
169360	139452	374	70	0
169361	139553	374	69	0
169362	139644	374	69	0
169363	139735	374	70	0
169364	139881	374	71	0
169365	139983	374	72	0
169366	140082	374	72	0
169367	140180	373	71	0
169368	140236	373	72	0
169369	140301	374	73	0
169370	140383	374	73	0
169371	140455	374	73	0
169372	140547	374	73	0
169373	140643	375	74	0
169374	140739	377	77	0
169375	140815	377	78	0
169376	140893	378	79	0
169377	141009	378	80	0
169378	141082	379	80	0
169379	141148	379	81	0
169380	141248	380	81	0
169381	141317	378	83	0
169382	141418	378	84	0
169383	141477	378	84	0
169384	141540	379	84	0
169385	141654	378	85	0
169386	141754	378	84	0
169387	141873	379	84	0
169388	141947	378	84	0
169389	142048	379	84	0
169390	142148	379	84	0
169391	142220	378	84	0
169392	142308	379	84	0
169393	142407	378	84	0
169394	142478	378	84	0
169395	142580	378	85	0
169396	142674	378	85	0
169397	142737	378	85	0
169398	142802	378	85	0
169399	142850	378	85	0
169400	142917	378	85	0
169401	143015	378	85	0
169402	143170	378	85	0
169403	143237	378	86	0
169404	143315	378	86	0
169405	143410	378	86	0
169406	143475	378	86	0
169407	143570	378	86	0
169408	143673	378	88	0
169409	143749	379	89	0
169410	143874	381	90	0
169411	143947	384	95	0
169412	144032	384	96	0
169413	144108	387	103	0
169414	144177	389	105	0
169415	144243	390	108	0
169416	144372	393	113	0
169417	144472	395	116	0
169418	144554	396	118	0
169419	144618	397	121	0
169420	144749	398	123	0
169421	144867	399	129	0
169422	144947	401	139	0
169423	145042	401	143	0
169424	145110	403	148	0
169425	145267	405	156	0
169426	145385	409	170	0
169427	145478	410	177	0
169428	145548	410	185	0
169429	145645	411	191	0
169430	145747	413	199	0
169431	145844	414	207	0
169432	145969	416	211	0
169433	146097	415	213	0
169434	146173	412	219	0
169435	146251	407	227	0
169436	146359	406	230	0
169437	146532	401	242	0
169438	146612	395	256	0
169439	146756	393	261	0
169440	146865	391	273	0
169441	146946	388	286	0
169442	147053	387	291	0
169443	147149	384	301	0
169444	147233	384	307	0
169445	147328	383	311	0
169446	147407	384	316	0
169447	147479	384	318	0
169448	147569	386	324	0
169449	147643	386	325	0
169450	147699	385	326	0
169451	147780	385	326	0
169452	147852	382	330	0
169453	147927	379	337	0
169454	148012	377	340	0
169455	148107	371	350	0
169456	148175	366	358	0
169457	148274	365	362	0
169458	148400	360	371	0
169459	148476	357	380	0
169460	148563	353	389	0
169461	148610	350	398	0
169462	148708	349	401	0
169463	148806	346	409	0
169464	148930	344	418	0
169465	148975	344	421	0
169466	149071	344	421	0
169467	149138	344	421	0
169468	149202	344	420	0
169469	149318	344	421	0
169470	149444	344	421	0
169471	149569	344	421	0
169472	149635	344	421	0
169473	149728	344	421	0
169474	149794	344	421	0
169475	149885	344	421	0
169476	149948	344	421	0
169477	150032	344	421	0
169478	150098	344	421	0
169479	150192	344	421	0
169480	150270	345	422	0
169481	150341	348	426	0
169482	150399	350	429	0
169483	150503	351	430	0
169484	150594	351	430	0
169485	150656	351	431	0
169486	150703	349	431	0
169487	150770	349	431	0
169488	150843	348	430	0
169489	150916	348	430	0
169490	150996	347	431	0
169491	151104	346	430	0
169492	151203	344	431	0
169493	151300	339	436	0
169494	151372	336	438	0
169495	151464	336	438	0
169496	151540	336	437	0
169497	151639	334	437	0
169498	151738	331	438	0
169499	151856	331	437	0
169500	151970	325	438	0
169501	152063	322	440	0
169502	152139	319	444	0
169503	152193	317	445	0
169504	152289	314	445	0
169505	152335	313	445	0
169506	152456	313	445	0
169507	152573	309	444	0
169508	152656	306	443	0
169509	152733	303	443	0
169510	152826	299	441	0
169511	152932	294	439	0
169512	153002	288	438	0
169513	153059	284	439	0
169514	153185	281	439	0
169515	153346	275	440	0
169516	153462	275	440	0
169517	153539	276	440	0
169518	153619	276	441	0
169519	153718	275	442	0
169520	153792	275	442	0
169521	153861	275	442	0
169522	153964	275	442	0
169523	154065	275	442	0
169524	154162	274	441	0
169525	154233	273	440	0
169526	154362	273	438	0
169527	154442	273	436	0
169528	154571	271	435	0
169529	154659	270	429	0
169530	154756	268	422	0
169531	154799	268	421	0
169532	154869	268	421	0
169533	154969	268	421	0
169534	155059	267	420	0
169535	155201	266	419	0
169536	155297	266	419	0
169537	155372	266	419	0
169538	155460	266	419	0
169539	155562	266	419	0
169540	155679	266	419	0
169541	155795	266	419	0
169542	155897	266	419	0
169543	156009	266	419	0
169544	156075	267	418	0
169545	156141	267	415	0
169546	156258	267	411	0
169547	156323	266	406	0
169548	156439	265	405	0
169549	156537	265	405	0
169550	156628	265	404	0
169551	156690	265	404	0
169552	156786	265	404	0
169553	156864	265	404	0
169554	156962	264	404	0
169555	157059	263	403	0
169556	157217	263	403	0
169557	157266	263	403	0
169558	157353	263	403	0
169559	157458	263	403	0
169560	157535	263	403	0
169561	157625	263	403	0
169562	157694	263	403	0
169563	157752	263	403	0
169564	157828	263	403	0
169565	157954	263	403	0
169566	158048	263	403	0
169567	158131	263	403	0
169568	158229	263	403	0
169569	158331	263	403	0
169570	158439	263	403	0
169571	158540	263	403	0
169572	158666	263	402	0
169573	158758	263	402	0
169574	158857	263	402	0
169575	158964	263	402	0
169576	159062	263	402	0
169577	159164	263	402	0
169578	159253	263	402	0
169579	159367	263	402	0
169580	159497	263	402	0
169581	159656	263	402	0
169582	159760	263	402	0
169583	159859	263	402	0
169584	159952	263	402	0
169585	160085	263	402	0
169586	160149	263	402	0
169587	160229	263	402	0
169588	160326	263	402	0
169589	160461	263	402	0
169590	160603	263	402	0
169591	160690	263	402	0
169592	160763	263	402	0
169593	160885	263	402	0
169594	160957	263	402	0
169595	161058	263	402	0
169596	161153	263	402	0
169597	161219	263	402	0
169598	161315	263	402	0
169599	161390	263	402	0
169600	161458	263	402	0
169601	161558	263	402	0
169602	161653	263	402	0
169603	161745	263	402	0
169604	161801	263	403	0
169605	161891	263	402	0
169606	161985	263	403	0
169607	162083	263	402	0
169608	162146	263	402	0
169609	162256	263	402	0
169610	162385	263	402	0
169611	162459	263	402	0
169612	162614	263	403	0
169613	162723	263	402	0
169614	162818	263	402	0
169615	162885	263	402	0
169616	162998	263	402	0
169617	163065	263	402	0
169618	163132	263	402	0
169619	163259	263	402	0
169620	163348	263	402	0
169621	163429	263	401	0
169622	163512	263	401	0
169623	163584	264	401	0
169624	163653	264	401	0
169625	163750	265	400	0
169626	163849	265	394	0
169627	163953	265	389	0
169628	164017	263	382	0
169629	164082	263	380	0
169630	164157	261	374	0
169631	164257	260	371	0
169632	164330	258	363	0
169633	164417	257	359	0
169634	164480	256	354	0
169635	164586	254	347	0
169636	164658	253	341	0
169637	164762	251	337	0
169638	164852	248	333	0
169639	164979	245	327	0
169640	165047	241	317	0
169641	165121	241	315	0
169642	165184	240	313	0
169643	165281	240	312	0
169644	165363	240	312	0
169645	165441	241	312	0
169646	165512	241	312	0
169647	165623	241	312	0
169648	165716	241	311	0
169649	165809	241	311	0
169650	165899	243	308	0
169651	166023	245	305	0
169652	166120	249	296	0
169653	166250	252	288	0
169654	166361	253	278	0
169655	166466	255	271	0
169656	166576	256	262	0
169657	166644	256	256	0
169658	166705	256	244	0
169659	166786	257	240	0
169660	166884	257	230	0
169661	166948	257	220	0
169662	167032	257	214	0
169663	167106	256	207	0
169664	167149	256	201	0
169665	167222	256	198	0
169666	167313	256	189	0
169667	167376	257	182	0
169668	167442	256	171	0
169669	167506	255	168	0
169670	167579	254	159	0
169671	167618	254	154	0
169672	167706	253	147	0
169673	167784	253	138	0
169674	167881	253	132	0
169675	168019	253	128	0
169676	168123	252	118	0
169677	168248	253	107	0
169678	168347	252	93	0
169679	168485	252	86	0
169680	168581	250	73	0
169681	168677	251	65	0
169682	168778	252	58	0
169683	168851	252	57	0
169684	169013	253	50	0
169685	169104	253	41	0
169686	169170	251	33	0
169687	169255	250	32	0
169688	169350	249	31	0
169689	169409	250	32	0
169690	169475	251	32	0
169691	169576	250	33	0
169692	169616	251	34	0
169693	169680	250	35	0
169694	169782	250	37	0
169695	169905	250	38	0
169696	169972	250	41	0
169697	170014	251	41	0
169698	170103	250	42	0
169699	170211	252	45	0
169700	170306	254	49	0
169701	170410	256	51	0
169702	170542	260	54	0
169703	170653	263	55	0
169704	170730	264	55	0
169705	170805	263	55	0
169706	170919	263	55	0
169707	171009	263	55	0
169708	171141	263	55	0
169709	171287	263	55	0
169710	171378	263	55	0
169711	171449	263	55	0
169712	171504	263	55	0
169713	171567	263	55	0
169714	171648	263	55	0
169715	171764	263	55	0
169716	171872	263	55	0
169717	171938	263	55	0
169718	172034	263	55	0
169719	172077	263	56	0
169720	172148	262	57	0
169721	172248	262	57	0
169722	172317	264	60	0
169723	172435	265	61	0
169724	172540	265	61	0
169725	172650	265	62	0
169726	172720	265	61	0
169727	172803	265	61	0
169728	172870	265	61	0
169729	172946	265	61	0
169730	173011	266	61	0
169731	173113	266	61	0
169732	173242	266	61	0
169733	173323	265	61	0
169734	173410	266	61	0
169735	173511	266	61	0
169736	173602	266	61	0
169737	173667	266	61	0
169738	173786	266	61	0
169739	173884	266	61	0
169740	173969	266	61	0
169741	174035	266	61	0
169742	174125	266	61	0
169743	174213	266	61	0
169744	174275	266	61	0
169745	174339	266	61	0
169746	174402	266	61	0
169747	174490	266	61	0
169748	174576	266	61	0
169749	174654	266	61	0
169750	174771	266	61	0
169751	174842	266	61	0
169752	174930	266	62	0
169753	175009	267	62	0
169754	175108	267	63	0
169755	175181	267	63	0
169756	175239	267	64	0
169757	175331	266	64	0
169758	175459	266	66	0
169759	175609	265	70	0
169760	175700	265	80	0
169761	175779	264	86	0
169762	175847	265	90	0
169763	175974	265	93	0
169764	176067	265	100	0
169765	176149	266	102	0
169766	176211	268	106	0
169767	176306	268	106	0
169768	176401	270	109	0
169769	176465	273	111	0
169770	176565	274	113	0
169771	176651	276	114	0
169772	176744	278	117	0
169773	176835	281	122	0
169774	176934	283	126	0
169775	177033	286	132	0
169776	177080	291	140	0
169777	177173	293	144	0
169778	177266	298	154	0
169779	177362	302	159	0
169780	177435	309	169	0
169781	177541	311	171	0
169782	177641	317	182	0
169783	177730	321	188	0
169784	177840	324	194	0
169785	177909	326	199	0
169786	177979	329	204	0
169787	178074	332	210	0
169788	178165	337	217	0
169789	178238	342	223	0
169790	178347	346	227	0
169791	178442	354	232	0
169792	178571	359	235	0
169793	178710	375	243	0
169794	178801	381	247	0
169795	178903	386	251	0
169796	179029	390	255	0
169797	179078	393	259	0
169798	179169	393	259	0
169799	179268	392	259	0
169800	179353	391	258	0
169801	179425	390	260	0
169802	179542	389	261	0
169803	179647	387	263	0
169804	179705	380	273	0
169805	179835	377	278	0
169806	179940	372	289	0
169807	180040	367	296	0
169808	180170	363	307	0
169809	180264	359	318	0
169810	180335	356	325	0
169811	180442	355	330	0
169812	180532	352	340	0
169813	180594	351	343	0
169814	180658	351	344	0
169815	180743	350	345	0
169816	180804	351	345	0
169817	180866	351	347	0
169818	180924	352	348	0
169819	180999	352	355	0
169820	181105	353	360	0
169821	181169	355	366	0
169822	181265	357	372	0
169823	181363	358	378	0
169824	181442	360	389	0
169825	181523	364	397	0
169826	181573	366	406	0
169827	181655	367	406	0
169828	181740	369	409	0
169829	181897	369	409	0
169830	181995	370	409	0
169831	182036	370	409	0
169832	182140	370	409	0
169833	182229	370	409	0
169834	182320	370	409	0
169835	182411	370	409	0
169836	182477	370	409	0
169837	182562	370	409	0
169838	182659	371	408	0
169839	182723	371	408	0
169840	182813	373	409	0
169841	182934	374	410	0
169842	183027	373	411	0
169843	183092	372	412	0
169844	183173	369	415	0
169845	183247	367	418	0
169846	183302	363	423	0
169847	183470	359	426	0
169848	183562	352	429	0
169849	183643	351	430	0
169850	183751	350	430	0
169851	183830	347	431	0
169852	183890	345	432	0
169853	183954	341	434	0
169854	184040	340	435	0
169855	184148	334	439	0
169856	184194	332	439	0
169857	184293	331	439	0
169858	184386	331	439	0
169859	184467	332	439	0
169860	184526	332	439	0
169861	184619	332	439	0
169862	184699	332	438	0
169863	184830	332	438	0
169864	184906	331	438	0
169865	184996	331	437	0
169866	185091	328	435	0
169867	185217	326	433	0
169868	185302	322	427	0
169869	185458	322	425	0
169870	185528	317	418	0
169871	185630	316	415	0
169872	185732	315	415	0
169873	185828	315	415	0
169874	185922	316	416	0
169875	185986	316	416	0
169876	186062	316	415	0
169877	186121	316	415	0
169878	186216	316	415	0
169879	186288	317	415	0
169880	186384	317	415	0
169881	186459	317	415	0
169882	186559	317	415	0
169883	186625	316	414	0
169884	186699	317	413	0
169885	186763	318	410	0
169886	186896	318	408	0
169887	186994	322	398	0
169888	187125	324	385	0
169889	187249	325	376	0
169890	187323	325	374	0
169891	187392	325	374	0
169892	187489	325	374	0
169893	187592	325	374	0
169894	187707	325	374	0
169895	187836	325	374	0
169896	187922	325	374	0
169897	187985	325	374	0
169898	188060	325	373	0
169899	188161	325	373	0
169900	188311	325	373	0
169901	188384	325	373	0
169902	188483	325	373	0
169903	188626	325	373	0
169904	188722	325	373	0
169905	188806	325	373	0
169906	188891	325	373	0
169907	188978	325	373	0
169908	189096	325	373	0
169909	189191	325	373	0
169910	189249	325	373	0
169911	189335	325	373	0
169912	189400	325	373	0
169913	189491	325	373	0
169914	189553	325	373	0
169915	189657	325	373	0
169916	189754	325	373	0
169917	189827	325	373	0
169918	189923	325	373	0
169919	189987	325	373	0
169920	190082	325	373	0
169921	190155	325	373	0
169922	190218	325	373	0
169923	190259	325	373	0
169924	190354	325	373	0
169925	190417	325	373	0
169926	190486	325	373	0
169927	190600	325	373	0
169928	190694	325	373	0
169929	190757	325	373	0
169930	190888	325	373	0
169931	190967	325	373	0
169932	191023	325	373	0
169933	191091	325	373	0
169934	191189	325	373	0
169935	191283	325	373	0
169936	191353	325	373	0
169937	191497	325	373	0
169938	191587	325	373	0
169939	191671	325	373	0
169940	191750	325	373	0
169941	191853	325	373	0
169942	191926	325	373	0
169943	192018	325	373	0
169944	192091	324	373	0
169945	192151	324	372	0
169946	192259	323	369	0
169947	192357	323	366	0
169948	192454	321	364	0
169949	192581	321	362	0
169950	192727	318	358	0
169951	192819	316	352	0
169952	192924	314	346	0
169953	193043	313	338	0
169954	193091	308	326	0
169955	193155	308	324	0
169956	193253	307	320	0
169957	193347	306	315	0
169958	193442	302	302	0
169959	193487	300	293	0
169960	193585	298	287	0
169961	193686	296	276	0
169962	193786	295	268	0
169963	193890	293	259	0
169964	193995	291	250	0
169965	194102	287	241	0
169966	194196	285	232	0
169967	194242	283	224	0
169968	194350	281	217	0
169969	194484	280	212	0
169970	194582	276	198	0
169971	194664	273	184	0
169972	194787	272	174	0
169973	194850	269	168	0
169974	194948	267	159	0
169975	195043	267	151	0
169976	195107	265	144	0
169977	195156	263	135	0
169978	195241	262	131	0
169979	195349	260	121	0
169980	195445	259	113	0
169981	195528	255	102	0
169982	195590	253	96	0
169983	195671	249	91	0
169984	195780	246	85	0
169985	195852	245	76	0
169986	195948	244	70	0
169987	196019	245	65	0
169988	196114	245	60	0
169989	196213	246	58	0
169990	196274	246	58	0
169991	196343	246	58	0
169992	196451	246	58	0
169993	196556	246	58	0
169994	196674	247	57	0
169995	196749	251	52	0
169996	196825	253	45	0
169997	196884	254	40	0
169998	196955	256	35	0
169999	197015	257	32	0
170000	197084	257	30	0
170001	197154	258	30	0
170002	197215	258	30	0
170003	197313	258	30	0
170004	197394	256	33	0
170005	197503	256	33	0
170006	197625	255	34	0
170007	197711	255	35	0
170008	197812	253	36	0
170009	197978	253	37	0
170010	198080	251	38	0
170011	198161	250	39	0
170012	198241	250	39	0
170013	198314	250	40	0
170014	198411	250	40	0
170015	198508	247	41	0
170016	198587	246	44	0
170017	198652	246	45	0
170018	198770	245	47	0
170019	198847	245	48	0
170020	198916	245	48	0
170021	199011	245	48	0
170022	199104	245	48	0
170023	199202	245	48	0
170024	199337	244	49	0
170025	199448	244	49	0
170026	199538	244	49	0
170027	199638	243	50	0
170028	199718	243	52	0
170029	199850	244	53	0
170030	199971	242	58	0
170031	200044	238	66	0
170032	200122	238	70	0
170033	200187	236	75	0
170034	200313	234	78	0
170035	200407	233	85	0
170036	200484	230	91	0
170037	200547	229	93	0
170038	200651	225	98	0
170039	200748	222	104	0
170040	200833	217	110	0
170041	200908	216	113	0
170042	200949	213	116	0
170043	201041	212	117	0
170044	201138	207	123	0
170045	201225	202	132	0
170046	201307	198	137	0
170047	201382	196	138	0
170048	201452	192	142	0
170049	201529	190	144	0
170050	201600	186	149	0
170051	201665	182	153	0
170052	201749	178	158	0
170053	201849	175	162	0
170054	201971	172	168	0
170055	202060	165	176	0
170056	202137	163	180	0
170057	202248	161	184	0
170058	202343	153	195	0
170059	202441	151	200	0
170060	202540	146	206	0
170061	202610	143	213	0
170062	202673	138	219	0
170063	202770	138	218	0
170064	202901	137	219	0
170065	202986	137	218	0
170066	203073	137	218	0
170067	203137	135	220	0
170068	203203	134	221	0
170069	203274	134	221	0
170070	203374	134	221	0
170071	203473	134	222	0
170072	203577	136	229	0
170073	203674	142	240	0
170074	203770	145	248	0
170075	203842	148	255	0
170076	203908	149	264	0
170077	204036	151	270	0
170078	204134	152	279	0
170079	204217	157	291	0
170080	204371	158	296	0
170081	204454	158	310	0
170082	204563	158	316	0
170083	204636	160	325	0
170084	204737	160	331	0
170085	204833	160	340	0
170086	204916	160	349	0
170087	205010	160	358	0
170088	205109	160	364	0
170089	205169	160	367	0
170090	205268	160	367	0
170091	205361	160	367	0
170092	205425	160	367	0
170093	205511	160	368	0
170094	205601	159	370	0
170095	205673	158	371	0
170096	205800	157	373	0
170097	205880	153	382	0
170098	206007	153	384	0
170099	206129	150	395	0
170100	206197	149	405	0
170101	206275	150	408	0
170102	206371	150	409	0
170103	206472	150	413	0
170104	206630	152	416	0
170105	206706	157	427	0
170106	206771	159	430	0
170107	206833	162	434	0
170108	206900	164	435	0
170109	206962	163	435	0
170110	207025	163	435	0
170111	207068	163	434	0
170112	207138	164	435	0
170113	207265	164	434	0
170114	207331	164	433	0
170115	207381	164	433	0
170116	207468	164	432	0
170117	207575	164	431	0
170118	207666	165	430	0
170119	207766	165	429	0
170120	207826	166	426	0
170121	207902	166	425	0
170122	208004	167	424	0
170123	208100	166	424	0
170124	208194	164	422	0
170125	208302	164	417	0
170126	208401	164	415	0
170127	208507	166	408	0
170128	208647	167	403	0
170129	208710	172	389	0
170130	208835	172	387	0
170131	208941	175	381	0
170132	209028	178	379	0
170133	209136	181	377	0
170134	209242	182	377	0
170135	209360	183	377	0
170136	209509	184	377	0
170137	209574	187	373	0
170138	209639	189	370	0
170139	209732	192	367	0
170140	209829	192	366	0
170141	209912	192	366	0
170142	209995	192	366	0
170143	210104	192	366	0
170144	210163	192	366	0
170145	210259	192	366	0
170146	210335	192	366	0
170147	210408	192	366	0
170148	210499	192	366	0
170149	210595	192	366	0
170150	210665	192	366	0
170151	210790	192	366	0
170152	210856	192	366	0
170153	210920	192	366	0
170154	210995	192	366	0
170155	211123	192	366	0
170156	211209	192	366	0
170157	211341	192	366	0
170158	211428	193	366	0
170159	211520	194	366	0
170160	211630	194	367	0
170161	211699	195	368	0
170162	211797	195	369	0
170163	211899	196	371	0
170164	211960	196	373	0
170165	212071	197	376	0
170166	212185	198	378	0
170167	212266	200	383	0
170168	212362	200	383	0
170169	212441	200	382	0
170170	212530	200	382	0
170171	212595	200	382	0
170172	212658	200	382	0
170173	212715	200	382	0
170174	212826	200	382	0
170175	212961	201	383	0
170176	213067	201	383	0
170177	213185	201	386	0
170178	213257	202	393	0
170179	213319	202	395	0
170180	213390	203	397	0
170181	213489	203	397	0
170182	213556	203	397	0
170183	213666	203	397	0
170184	213740	203	397	0
170185	213830	203	397	0
170186	213929	203	397	0
170187	214034	203	397	0
170188	214109	203	397	0
170189	214191	203	397	0
170190	214293	203	397	0
170191	214420	203	397	0
170192	214499	203	397	0
170193	214600	203	397	0
170194	214667	203	397	0
170195	214758	203	397	0
170196	214871	203	397	0
170197	214925	204	397	0
170198	215027	204	397	0
170199	215091	204	396	0
170200	215184	204	395	0
170201	215249	204	395	0
170202	215325	204	392	0
170203	215383	204	392	0
170204	215465	204	390	0
170205	215555	204	387	0
170206	215626	204	386	0
170207	215733	204	386	0
170208	215815	204	385	0
170209	215889	205	383	0
170210	215995	205	380	0
170211	216085	206	376	0
170212	216164	207	373	0
170213	216257	210	371	0
170214	216329	211	370	0
170215	216416	211	370	0
170216	216504	211	370	0
170217	216593	211	370	0
170218	216679	211	370	0
170219	216762	211	370	0
170220	216841	211	370	0
170221	216914	211	370	0
170222	216960	211	370	0
170223	217023	211	370	0
170224	217090	211	370	0
170225	217164	211	370	0
170226	217290	211	370	0
170227	217391	211	370	0
170228	217491	211	370	0
170229	217585	211	370	0
170230	217648	211	370	0
170231	217752	211	370	0
170232	217829	211	370	0
170233	217914	211	370	0
170234	217965	211	370	0
170235	218050	211	370	0
170236	218115	212	369	0
170237	218199	212	368	0
170238	218322	212	368	0
170239	218386	213	368	0
170240	218480	213	368	0
170241	218590	213	368	0
170242	218661	213	368	0
170243	218756	213	368	0
170244	218856	213	368	0
170245	218934	213	368	0
170246	219029	213	368	0
170247	219091	213	368	0
170248	219189	213	368	0
170249	219346	213	368	0
170250	219460	213	368	0
170251	219532	213	368	0
170252	219615	213	368	0
170253	219720	213	368	0
170254	219821	213	368	0
170255	219922	213	368	0
170256	220050	213	368	0
170257	220154	213	368	0
170258	220255	213	368	0
170259	220330	213	368	0
170260	220424	213	368	0
170261	220520	213	368	0
170262	220624	213	368	0
170263	220719	213	368	0
170264	220821	213	368	0
170265	220913	213	368	0
170266	221010	213	368	0
170267	221093	213	368	0
170268	221184	213	368	0
170269	221251	212	368	0
170270	221308	211	368	0
170271	221382	211	366	0
170272	221486	210	365	0
170273	221575	208	360	0
170274	221648	206	351	0
170275	221749	205	346	0
170276	221839	205	339	0
170277	221922	205	333	0
170278	221989	203	325	0
170279	222082	203	321	0
170280	222144	204	315	0
170281	222219	204	306	0
170282	222317	203	300	0
170283	222386	203	297	0
170284	222467	203	288	0
170285	222549	204	282	0
170286	222643	205	272	0
170287	222711	206	260	0
170288	222848	206	256	0
170289	222914	210	242	0
170290	222979	211	239	0
170291	223074	212	232	0
170292	223151	215	219	0
170293	223217	217	216	0
170294	223320	219	207	0
170295	223414	222	199	0
170296	223481	225	191	0
170297	223590	227	186	0
170298	223658	232	180	0
170299	223813	235	177	0
170300	223896	244	165	0
170301	223980	247	157	0
170302	224107	248	155	0
170303	224217	248	151	0
170304	224330	251	142	0
170305	224418	251	131	0
170306	224489	252	123	0
170307	224577	253	112	0
170308	224644	253	102	0
170309	224750	253	94	0
170310	224821	254	84	0
170311	224880	255	78	0
170312	224943	256	73	0
170313	225009	258	66	0
170314	225117	258	60	0
170315	225215	260	51	0
170316	225285	260	48	0
170317	225377	260	39	0
170318	225511	260	36	0
170319	225615	260	33	0
170320	225708	260	33	0
170321	225778	257	33	0
170322	225851	256	33	0
170323	225948	252	34	0
170324	226014	250	34	0
170325	226115	247	34	0
170326	226187	244	35	0
170327	226297	242	37	0
170328	226411	239	40	0
170329	226519	239	40	0
170330	226619	239	40	0
170331	226709	239	40	0
170332	226774	239	40	0
170333	226825	237	40	0
170334	226921	238	40	0
170335	227010	233	36	0
170336	227081	228	34	0
170337	227159	226	33	0
170338	227280	225	34	0
170339	227379	223	34	0
170340	227440	223	35	0
170341	227495	223	35	0
170342	227605	222	36	0
170343	227648	222	35	0
170344	227739	222	35	0
170345	227849	221	34	0
170346	227975	220	33	0
170347	228043	220	34	0
170348	228121	221	35	0
170349	228182	221	36	0
170350	228277	221	36	0
170351	228371	221	38	0
170352	228436	218	42	0
170353	228486	217	44	0
170354	228580	217	45	0
170355	228676	217	48	0
170356	228739	215	53	0
170357	228805	214	57	0
170358	228877	214	60	0
170359	228948	213	62	0
170360	229044	212	66	0
170361	229105	210	71	0
170362	229179	207	75	0
170363	229305	204	81	0
170364	229415	200	88	0
170365	229537	194	94	0
170366	229601	188	101	0
170367	229665	182	107	0
170368	229761	178	111	0
170369	229842	174	114	0
170370	229906	170	118	0
170371	230003	166	122	0
170372	230069	160	126	0
170373	230164	160	126	0
170374	230273	160	126	0
170375	230355	158	127	0
170376	230472	158	128	0
170377	230571	158	128	0
170378	230611	158	128	0
170379	230706	158	128	0
170380	230769	158	128	0
170381	230835	159	128	0
170382	230933	158	128	0
170383	231030	158	128	0
170384	231146	158	128	0
170385	231236	157	129	0
170386	231331	157	129	0
170387	231411	157	129	0
170388	231505	157	129	0
170389	231600	157	129	0
170390	231698	157	129	0
170391	231806	157	129	0
170392	231877	157	129	0
170393	231964	157	129	0
170394	232068	157	129	0
170395	232176	157	129	0
170396	232242	157	129	0
170397	232362	157	129	0
170398	232466	157	128	0
170399	232527	158	128	0
170400	232603	158	128	0
170401	232712	158	128	0
170402	232800	158	128	0
170403	232865	158	128	0
170404	232933	158	128	0
170405	232983	158	128	0
170406	233074	158	128	0
170407	233139	158	128	0
170408	233203	158	128	0
170409	233331	158	128	0
170410	233407	157	128	0
170411	233505	157	128	0
170412	233574	157	129	0
170413	233668	157	129	0
170414	233739	157	129	0
170415	233915	157	129	0
170416	234048	157	129	0
170417	234147	157	129	0
170418	234245	157	129	0
170419	234306	158	129	0
170420	234347	158	129	0
170421	234500	158	129	0
170422	234601	158	129	0
170423	234709	158	129	0
170424	234808	158	129	0
170425	234929	158	129	0
170426	235016	158	129	0
170427	235136	158	129	0
170428	235236	158	129	0
170429	235362	158	129	0
170430	235427	158	129	0
170431	235481	158	129	0
170432	235573	158	129	0
170433	235669	158	129	0
170434	235729	158	129	0
170435	235794	158	129	0
170436	235903	158	129	0
170437	235975	158	129	0
170438	236070	158	129	0
170439	236170	158	129	0
170440	236273	158	129	0
170441	236337	158	129	0
170442	236442	158	129	0
170443	236592	158	130	0
170444	236733	158	132	0
170445	236804	158	134	0
170446	236874	158	134	0
170447	236969	158	134	0
170448	237106	158	134	0
170449	237201	158	134	0
170450	237266	158	134	0
170451	237332	158	134	0
170452	237394	158	134	0
170453	237457	158	134	0
170454	237510	158	134	0
170455	237606	158	134	0
170456	237698	158	134	0
170457	237795	158	134	0
170458	237942	158	134	0
170459	238012	158	134	0
170460	238102	157	134	0
170461	238191	157	134	0
170462	238266	157	134	0
170463	238325	157	134	0
170464	238442	157	134	0
170465	238540	157	134	0
170466	238656	157	134	0
170467	238734	157	134	0
170468	238812	157	134	0
170469	238890	157	134	0
170470	238950	157	134	0
170471	239115	157	134	0
170472	239198	157	134	0
170473	239295	157	134	0
170474	239369	157	134	0
170475	239458	157	134	0
170476	239533	157	134	0
170477	239593	157	134	0
170478	239676	157	134	0
170479	239766	157	134	0
170480	239858	157	134	0
170481	239939	157	134	0
170482	240029	157	134	0
170483	240129	157	134	0
170484	240192	157	134	0
170485	240290	157	134	0
170486	240364	157	134	0
170487	240436	157	134	0
170488	240493	157	134	0
170489	240565	157	134	0
170490	240625	157	134	0
170491	240688	157	134	0
170492	240757	157	135	0
170493	240831	157	135	0
170494	240901	157	134	0
170495	240994	158	134	0
170496	241100	158	134	0
170497	241184	158	134	0
170498	241268	158	134	0
170499	241352	158	134	0
170500	241424	158	134	0
170501	241523	158	134	0
170502	241660	158	134	0
170503	241701	158	134	0
170504	241793	158	134	0
170505	241960	158	134	0
170506	242059	158	134	0
170507	242162	158	134	0
170508	242259	158	134	0
170509	242331	158	134	0
170510	242503	158	134	0
170511	242573	158	134	0
170512	242633	158	134	0
170513	242724	158	134	0
170514	242822	158	134	0
170515	242902	158	134	0
170516	243011	158	134	0
170517	243100	158	134	0
170518	243214	158	134	0
170519	243296	158	134	0
170520	243406	158	134	0
170521	243522	157	135	0
170522	243621	157	135	0
170523	243766	157	135	0
170524	243864	157	135	0
170525	243987	157	135	0
170526	244082	157	135	0
170527	244145	157	135	0
170528	244234	157	135	0
170529	244354	157	135	0
170530	244424	157	135	0
170531	244522	157	135	0
170532	244615	157	135	0
170533	244758	157	134	0
170534	244819	157	135	0
170535	244882	157	135	0
170536	244962	157	135	0
170537	245058	157	135	0
170538	245155	157	135	0
170539	245255	157	135	0
170540	245334	157	135	0
170541	245401	157	135	0
170542	245469	157	135	0
170543	245556	157	135	0
170544	245651	157	135	0
170545	245760	157	135	0
170546	245891	157	135	0
170547	245974	157	135	0
170548	246049	157	135	0
170549	246115	157	134	0
170550	246225	157	134	0
170551	246322	157	134	0
170552	246402	157	134	0
170553	246513	157	134	0
170554	246586	157	134	0
170555	246631	157	134	0
170556	246700	157	134	0
170557	246786	157	134	0
170558	246884	157	134	0
170559	246948	157	134	0
170560	246993	157	134	0
170561	247058	157	134	0
170562	247124	157	134	0
170563	247220	157	134	0
170564	247283	157	134	0
170565	247388	157	134	0
170566	247463	157	134	0
170567	247555	157	134	0
170568	247684	157	134	0
170569	247750	157	134	0
170570	247821	157	134	0
170571	247900	157	134	0
170572	248030	157	134	0
170573	248114	157	134	0
170574	248220	157	134	0
170575	248290	157	134	0
170576	248353	157	134	0
170577	248422	157	134	0
170578	248516	157	134	0
170579	248610	157	134	0
170580	248686	157	134	0
170581	248785	157	134	0
170582	248850	157	134	0
170583	248945	158	134	0
170584	249088	157	135	0
170585	249218	158	135	0
170586	249282	159	136	0
170587	249367	159	136	0
170588	249489	160	137	0
170589	249562	160	138	0
170590	249691	160	138	0
170591	249813	160	139	0
170592	249915	160	139	0
170593	250025	160	139	0
170594	250122	162	143	0
170595	250242	162	146	0
170596	250316	163	156	0
170597	250371	163	159	0
170598	250428	164	166	0
170599	250512	164	170	0
170600	250582	164	175	0
170601	250641	165	180	0
170602	250705	165	184	0
170603	250780	165	187	0
170604	250885	165	191	0
170605	250978	165	193	0
170606	251045	165	194	0
170607	251114	165	194	0
170608	251249	165	195	0
170609	251378	165	195	0
170610	251479	165	195	0
170611	251547	165	195	0
170612	251626	165	195	0
170613	251717	165	195	0
170614	251814	165	195	0
170615	251915	165	195	0
170616	251986	165	195	0
170617	252089	165	195	0
170618	252214	165	195	0
170619	252275	165	195	0
170620	252351	165	195	0
170621	252427	165	195	0
170622	252514	165	195	0
170623	252578	165	195	0
170624	252643	165	195	0
170625	252714	165	195	0
170626	252779	165	195	0
170627	252819	165	195	0
170628	252904	165	195	0
170629	252978	165	195	0
170630	253041	165	195	0
170631	253105	165	195	0
170632	253158	165	195	0
170633	253253	165	195	0
170634	253345	165	195	0
170635	253436	165	195	0
170636	253510	165	195	0
170637	253617	165	195	0
170638	253692	165	195	0
170639	253814	165	195	0
170640	253908	165	195	0
170641	254015	165	196	0
170642	254099	165	200	0
170643	254179	165	206	0
170644	254277	165	211	0
170645	254368	166	221	0
170646	254417	167	231	0
170647	254515	167	233	0
170648	254584	169	237	0
170649	254675	169	238	0
170650	254770	169	238	0
170651	254857	169	237	0
170652	254916	169	237	0
170653	254979	169	237	0
170654	255041	169	237	0
170655	255133	169	237	0
170656	255286	169	237	0
170657	255381	169	237	0
170658	255474	169	237	0
170659	255541	169	237	0
170660	255683	169	237	0
170661	255842	169	237	0
170662	255907	169	237	0
170663	255969	169	237	0
170664	256050	169	237	0
170665	256145	169	238	0
170666	256246	169	238	0
170667	256374	169	238	0
170668	256447	169	238	0
170669	256577	170	238	0
170670	256712	170	238	0
170671	256811	170	237	0
170672	256913	170	237	0
170673	257045	170	238	0
170674	257139	170	241	0
170675	257245	170	247	0
170676	257347	170	252	0
170677	257419	169	259	0
170678	257493	169	263	0
170679	257591	168	271	0
170680	257675	165	277	0
170681	257778	165	277	0
170682	257872	165	277	0
170683	257968	164	277	0
170684	258033	161	280	0
170685	258119	158	284	0
170686	258221	157	285	0
170687	258336	154	292	0
170688	258435	155	303	0
170689	258548	158	313	0
170690	258672	161	325	0
170691	258744	164	336	0
170692	258837	165	344	0
170693	258900	166	348	0
170694	259018	166	354	0
170695	259140	167	358	0
170696	259235	166	363	0
170697	259381	166	366	0
170698	259506	166	368	0
170699	259580	164	372	0
170700	259660	162	377	0
170701	259741	160	386	0
170702	259873	159	391	0
170703	259972	158	401	0
170704	260036	156	407	0
170705	260149	156	407	0
170706	260243	156	406	0
170707	260368	156	406	0
170708	260434	157	405	0
170709	260500	157	405	0
170710	260577	157	405	0
170711	260676	157	405	0
170712	260748	157	405	0
170713	260834	157	405	0
170714	260907	157	405	0
170715	261006	157	405	0
170716	261043	157	404	0
170717	261110	157	404	0
170718	261202	157	404	0
170719	261266	157	403	0
170720	261351	157	402	0
170721	261441	158	401	0
170722	261548	159	400	0
170723	261668	160	399	0
170724	261841	159	398	0
170725	261910	159	396	0
170726	261991	160	395	0
170727	262066	160	395	0
170728	262160	160	395	0
170729	262241	160	395	0
170730	262369	160	395	0
170731	262436	160	395	0
170732	262500	160	395	0
170733	262564	160	395	0
170734	262614	160	395	0
170735	262706	160	395	0
170736	262770	160	395	0
170737	262873	160	395	0
170738	262995	160	395	0
170739	263099	160	395	0
170740	263173	160	395	0
170741	263238	160	395	0
170742	263328	160	395	0
170743	263395	160	395	0
170744	263504	160	395	0
170745	263633	160	395	0
170746	263707	160	395	0
170747	263823	160	395	0
170748	263902	160	395	0
170749	264000	160	395	0
170750	264102	160	395	0
170751	264193	160	395	0
170752	264276	160	395	0
170753	264361	160	395	0
170754	264498	160	395	0
170755	264563	160	395	0
170756	264666	160	395	0
170757	264770	160	395	0
170758	264869	160	395	0
170759	264992	160	395	0
170760	265108	160	394	0
170761	265204	160	393	0
170762	265266	159	391	0
170763	265365	158	389	0
170764	265491	157	382	0
170765	265533	157	372	0
170766	265633	158	369	0
170767	265795	159	365	0
170768	265937	160	358	0
170769	266003	162	348	0
170770	266077	162	345	0
170771	266165	165	337	0
170772	266262	168	329	0
170773	266331	170	323	0
170774	266397	172	317	0
170775	266464	173	311	0
170776	266528	175	305	0
170777	266628	176	303	0
170778	266770	180	292	0
170779	266843	184	283	0
170780	266962	187	277	0
170781	267028	192	267	0
170782	267134	195	260	0
170783	267269	198	256	0
170784	267364	206	245	0
170785	267457	210	236	0
170786	267531	212	231	0
170787	267609	215	226	0
170788	267766	217	224	0
170789	267832	222	220	0
170790	267922	223	221	0
170791	268029	224	221	0
170792	268087	230	221	0
170793	268195	232	221	0
170794	268290	237	222	0
170795	268365	237	222	0
170796	268472	242	222	0
170797	268547	242	222	0
170798	268634	242	222	0
170799	268738	242	222	0
170800	268838	242	222	0
170801	268963	242	222	0
170802	269061	242	222	0
170803	269194	242	222	0
170804	269254	242	222	0
170805	269331	242	222	0
170806	269427	242	222	0
170807	269520	243	221	0
170808	269600	243	220	0
170809	269698	243	220	0
170810	269768	243	220	0
170811	269858	243	220	0
170812	269923	243	220	0
170813	270016	243	220	0
170814	270066	243	220	0
170815	270147	243	220	0
170816	270234	243	220	0
170817	270334	243	220	0
170818	270427	244	219	0
170819	270491	244	219	0
170820	270596	244	219	0
170821	270725	244	219	0
170822	270819	244	219	0
170823	270897	244	219	0
170824	270992	245	220	0
170825	271120	249	222	0
170826	271204	256	225	0
170827	271302	261	230	0
170828	271395	267	234	0
170829	271588	268	234	0
170830	271651	269	233	0
170831	271694	269	233	0
170832	271792	269	233	0
170833	271867	269	233	0
170834	271952	269	233	0
170835	272023	269	233	0
170836	272138	269	233	0
170837	272327	269	233	0
170838	272423	269	237	0
170839	272514	269	239	0
170840	272624	268	240	0
170841	272721	267	247	0
170842	272819	267	252	0
170843	272974	267	260	0
170844	273065	269	276	0
170845	273131	273	284	0
170846	273218	274	289	0
170847	273313	276	296	0
170848	273355	278	305	0
170849	273398	278	306	0
170850	273555	278	306	0
170851	273649	279	307	0
170852	273714	278	305	0
170853	273790	280	305	0
170854	273890	280	305	0
170855	273988	280	305	0
170856	274051	280	306	0
170857	274114	280	306	0
170858	274156	280	306	0
170859	274224	280	306	0
170860	274294	280	306	0
170861	274385	280	306	0
170862	274481	280	306	0
170863	274587	280	306	0
170864	274628	280	306	0
170865	274689	280	306	0
170866	274754	280	306	0
170867	274851	280	306	0
170868	274945	279	305	0
170869	274989	278	307	0
170870	275065	278	308	0
170871	275154	275	315	0
170872	275244	273	320	0
170873	275303	270	330	0
170874	275385	267	338	0
170875	275457	266	344	0
170876	275554	265	348	0
170877	275650	264	366	0
170878	275715	263	376	0
170879	275803	263	382	0
170880	275922	263	389	0
170881	276020	265	401	0
170882	276144	268	414	0
170883	276263	272	429	0
170884	276326	273	434	0
170885	276404	273	435	0
170886	276477	273	436	0
170887	276577	273	435	0
170888	276690	273	434	0
170889	276769	274	433	0
170890	276880	275	433	0
170891	276938	276	434	0
170892	276977	276	433	0
170893	277056	276	433	0
170894	277162	276	432	0
170895	277283	276	432	0
170896	277349	276	431	0
170897	277432	276	430	0
170898	277493	276	430	0
170899	277607	276	430	0
170900	277687	276	430	0
170901	277780	276	430	0
170902	277858	275	431	0
170903	277933	274	433	0
170904	278009	270	437	0
170905	278116	267	442	0
170906	278201	265	449	0
170907	278282	263	456	0
170908	278390	263	457	0
170909	278482	265	461	0
170921	279368	280	473	1
170922	279442	270	465	1
170923	279550	266	462	1
170924	279649	264	462	1
170925	279722	264	462	1
170926	279816	264	462	1
170927	279921	264	462	1
170928	279996	263	460	1
170929	280122	263	460	1
170930	280222	262	459	1
170931	280280	262	458	1
170932	280348	261	459	1
170933	280418	261	458	1
170934	280482	261	458	1
170935	280578	259	457	1
170936	280674	258	454	1
170937	280754	257	453	1
170938	280850	257	452	1
170939	280955	256	451	1
170940	281075	256	450	1
170941	281180	255	450	1
170942	281234	255	450	1
170943	281326	254	450	1
170944	281410	254	450	1
170945	281510	254	450	1
170946	281652	253	450	1
170947	281714	249	449	1
170948	281812	249	449	1
170949	281923	249	449	1
170950	282017	246	449	1
170951	282110	245	450	1
170952	282181	245	450	1
170953	282244	245	450	1
170954	282340	244	450	1
170955	282452	243	450	1
170956	282515	243	450	1
170957	282578	243	450	1
170958	282673	243	450	1
170959	282737	239	449	1
170960	282814	239	449	1
170961	282915	238	449	1
170962	282977	238	448	1
170963	283049	237	448	1
170964	283106	233	447	1
170965	283181	232	446	1
170966	283236	232	446	1
170967	283352	231	445	1
170968	283451	231	445	1
170969	283539	229	444	1
170970	283602	229	443	1
170971	283684	227	442	1
170972	283748	225	441	1
170973	283811	225	441	1
170974	283906	225	440	1
170975	284002	225	440	1
170976	284052	224	439	1
170977	284152	224	439	1
170978	284274	224	439	1
170979	284374	223	436	1
170980	284477	222	434	1
170981	284580	222	433	1
170982	284619	222	432	1
170983	284676	221	432	1
170984	284738	221	432	1
170985	284801	221	431	1
170986	284876	221	431	1
170987	285039	221	429	1
170988	285171	218	426	1
170989	285233	216	423	1
170990	285281	216	423	1
170991	285376	216	423	1
170992	285515	215	422	1
170993	285633	214	421	1
170994	285697	213	419	1
170995	285785	213	419	1
170996	285843	213	418	1
170997	285905	212	417	1
170998	285971	212	416	1
170999	286037	211	414	1
171000	286117	210	412	1
171001	286195	210	411	1
171002	286275	210	410	1
171003	286376	209	409	1
171004	286473	208	407	1
171005	286575	208	406	1
171006	286641	208	405	1
171007	286707	207	403	1
171008	286802	207	402	1
171009	286876	206	400	1
171010	286979	205	398	1
171011	287074	205	397	1
171012	287174	205	396	1
171013	287234	205	396	1
171014	287342	205	396	1
171015	287432	205	396	1
171016	287547	206	393	1
171017	287641	207	390	1
171018	287697	207	388	1
171019	287772	207	387	1
171020	287873	208	386	1
171021	287947	208	385	1
171022	288043	208	385	1
171023	288137	208	383	1
171024	288241	209	380	1
171025	288306	209	376	1
171026	288434	209	373	1
171027	288502	209	368	1
171028	288605	209	365	1
171029	288698	209	361	1
171030	288760	208	356	1
171031	288841	208	352	1
171032	288932	208	348	1
171033	289042	208	344	1
171034	289106	208	339	1
171035	289168	208	335	1
171036	289233	207	330	1
171037	289293	206	326	1
171038	289407	205	323	1
171039	289509	205	318	1
171040	289568	204	313	1
171041	289669	204	308	1
171042	289736	203	304	1
171043	289835	202	301	1
171044	289936	201	296	1
171045	290019	200	293	1
171046	290099	199	288	1
171047	290209	197	282	1
171048	290317	197	277	1
171049	290423	195	271	1
171050	290530	195	263	1
171051	290616	194	260	1
171052	290704	194	252	1
171053	290804	194	245	1
171054	290863	193	239	1
171055	290936	193	234	1
171056	291011	193	229	1
171057	291073	192	225	1
171058	291169	192	221	1
171059	291244	192	215	1
171060	291337	191	212	1
171061	291438	190	206	1
171062	291509	190	203	1
171063	291642	189	199	1
171064	291730	187	191	1
171065	291826	187	185	1
171066	291900	186	181	1
171067	291970	186	179	1
171068	292020	185	177	1
171069	292167	185	170	1
171070	292225	185	161	1
171071	292268	182	159	1
171072	292331	181	158	1
171073	292402	179	157	1
171074	292474	176	156	1
171075	292599	173	155	1
171076	292716	167	152	1
171077	292837	161	152	1
171078	292947	152	155	1
171079	293065	147	155	1
171080	293177	142	153	1
171081	293298	136	149	1
171082	293391	134	146	1
171083	293457	134	146	1
171084	293545	134	146	1
171085	293636	134	146	1
171086	293698	133	146	1
171087	293772	133	146	1
171088	293835	135	148	1
171089	293929	136	149	1
171090	294002	136	150	1
171091	294095	137	150	1
171092	294234	136	153	1
171093	294311	137	154	1
171094	294435	138	154	1
171095	294541	137	155	1
171096	294627	137	155	1
171097	294724	134	154	1
171098	294774	131	151	1
171099	294867	131	151	1
171100	294999	131	150	1
171101	295062	131	146	1
171102	295123	131	141	1
171103	295210	131	139	1
171104	295268	131	134	1
171105	295331	131	129	1
171106	295425	130	124	1
171107	295498	129	119	1
171108	295564	127	111	1
171109	295665	127	108	1
171110	295765	125	103	1
171111	295862	124	94	1
171112	295957	124	90	1
171113	296067	124	88	1
171114	296161	124	88	1
171115	296257	125	88	1
171116	296320	131	83	1
171117	296402	132	81	1
171118	296496	135	76	1
171119	296566	138	71	1
171120	296661	141	65	1
171121	296756	144	63	1
171122	296841	146	62	1
171123	296939	147	62	1
171124	297034	148	62	1
171125	297123	148	61	1
171126	297198	148	61	1
171127	297267	148	62	1
171128	297372	149	63	1
171129	297498	149	65	1
171130	297599	150	68	1
171131	297664	149	69	1
171132	297735	149	71	1
171133	297841	149	72	1
171134	297961	149	74	1
171135	298061	149	75	1
171136	298103	151	76	1
171137	298162	150	76	1
171138	298226	150	76	1
171139	298290	151	77	1
171140	298387	151	77	1
171141	298493	150	78	1
171142	298564	151	81	1
171143	298658	152	84	1
171144	298714	151	86	1
171145	298819	151	88	1
171146	298870	152	89	1
171147	298939	152	89	1
171148	299047	152	89	1
171149	299143	152	89	1
171150	299295	152	89	1
171151	299403	152	89	1
171152	299520	152	90	1
171153	299588	152	90	1
171154	299728	151	90	1
171155	299829	150	92	1
171156	299932	150	96	1
171157	300008	150	100	1
