frame	time	x	y	burst
75966	58	281	195	0
75967	96	281	195	0
75968	177	281	195	0
75969	231	281	195	0
75970	274	281	196	0
75971	363	281	195	0
75972	452	281	195	0
75973	524	281	195	0
75974	588	281	195	0
75975	633	281	195	0
75976	665	281	195	0
75977	703	281	195	0
75978	758	281	195	0
75979	800	281	195	0
75980	862	281	195	0
75981	954	281	195	0
75982	991	281	195	0
75983	1033	281	195	0
75984	1099	281	195	0
75985	1158	281	195	0
75986	1197	281	195	0
75987	1266	281	195	0
75988	1322	281	195	0
75989	1381	281	195	0
75990	1431	281	195	0
75991	1526	281	195	0
75992	1573	281	195	0
75993	1631	281	195	0
75994	1701	281	195	0
75995	1786	281	195	0
75996	1861	281	195	0
75997	1928	281	195	0
75998	1995	281	195	0
75999	2060	281	195	0
76000	2122	281	195	0
76001	2187	281	195	0
76002	2236	281	195	0
76003	2294	281	195	0
76004	2357	281	195	0
76005	2429	281	195	0
76006	2491	281	195	0
76007	2555	281	195	0
76008	2628	281	195	0
76009	2706	281	195	0
76010	2767	281	195	0
76011	2829	281	195	0
76012	2886	281	195	0
76013	2955	281	195	0
76014	3013	281	195	0
76015	3075	281	195	0
76016	3147	281	195	0
76017	3222	281	195	0
76018	3262	281	195	0
76019	3324	281	195	0
76020	3387	281	195	0
76021	3452	281	195	0
76022	3498	281	195	0
76023	3553	281	195	0
76024	3622	281	195	0
76025	3658	281	195	0
76026	3724	281	195	0
76027	3787	281	195	0
76028	3850	281	195	0
76029	3899	281	195	0
76030	3959	281	195	0
76031	4021	281	195	0
76032	4062	281	195	0
76033	4145	281	195	0
76034	4219	281	195	0
76035	4283	281	195	0
76036	4326	281	195	0
76037	4390	281	195	0
76038	4454	281	195	0
76039	4493	281	195	0
76040	4555	281	195	0
76041	4620	281	195	0
76042	4683	281	195	0
76043	4755	281	195	0
76044	4818	281	195	0
76045	4858	281	195	0
76046	4922	281	195	0
76047	4990	281	195	0
76048	5059	281	195	0
76049	5134	281	195	0
76050	5192	281	195	0
76051	5253	281	195	0
76052	5323	281	195	0
76053	5393	281	195	0
76054	5455	281	195	0
76055	5517	281	195	0
76056	5569	281	195	0
76057	5652	281	195	0
76058	5722	281	195	0
76059	5791	281	195	0
76060	5851	281	195	0
76061	5909	281	195	0
76062	5961	281	195	0
76063	6021	281	195	0
76064	6084	281	195	0
76065	6155	281	195	0
76066	6224	281	195	0
76067	6284	281	195	0
76068	6356	281	195	0
76069	6418	281	195	0
76070	6459	281	195	0
76071	6526	281	195	0
76072	6587	281	195	0
76073	6661	281	195	0
76074	6743	281	195	0
76075	6792	281	195	0
76076	6856	281	195	0
76077	6922	281	195	0
76078	6987	281	195	0
76079	7050	281	195	0
76080	7147	281	195	0
76081	7208	281	195	0
76082	7287	280	195	0
76083	7358	281	195	0
76084	7415	281	195	0
76085	7476	281	195	0
76086	7526	280	194	0
76087	7621	281	195	0
76088	7685	281	195	0
76089	7724	281	195	0
76090	7791	281	195	0
76091	7843	281	195	0
76092	7922	281	195	0
76093	7960	281	195	0
76094	8061	281	195	0
76095	8158	281	195	0
76096	8230	281	195	0
76097	8316	281	195	0
76098	8379	281	195	0
76099	8425	281	195	0
76100	8494	281	195	0
76101	8590	281	195	0
76102	8654	281	195	0
76103	8719	281	195	0
76104	8786	281	195	0
76105	8885	281	195	0
76106	8959	281	195	0
76107	9052	281	195	0
76108	9158	281	195	0
76109	9259	281	195	0
76110	9324	281	195	0
76111	9409	281	195	0
76112	9486	281	195	0
76113	9582	281	195	0
76114	9654	281	195	0
76115	9726	281	195	0
76116	9783	281	195	0
76117	9854	281	195	0
76118	9925	281	195	0
76119	10019	281	195	0
76120	10097	281	195	0
76121	10188	281	195	0
76122	10323	281	195	0
76123	10408	281	195	0
76124	10496	281	195	0
76125	10584	281	195	0
76126	10659	281	195	0
76127	10749	281	195	0
76128	10844	281	195	0
76129	10910	281	195	0
76130	10989	281	195	0
76131	11062	281	195	0
76132	11153	281	195	0
76133	11245	281	195	0
76134	11327	281	195	0
76135	11417	281	195	0
76136	11492	281	195	0
76137	11550	281	195	0
76138	11644	281	195	0
76139	11755	281	195	0
76140	11815	281	195	0
76141	11885	281	195	0
76142	11949	281	195	0
76143	12031	281	195	0
76144	12111	281	195	0
76145	12176	281	195	0
76146	12287	281	195	0
76147	12380	281	195	0
76148	12511	281	195	0
76149	12557	281	195	0
76150	12618	281	195	0
76151	12708	281	195	0
76152	12812	281	195	0
76153	12875	281	195	0
76154	12957	281	195	0
76155	13089	281	195	0
76156	13189	281	195	0
76157	13288	281	195	0
76158	13387	281	195	0
76159	13482	281	195	0
76160	13549	281	195	0
76161	13612	281	195	0
76162	13678	281	195	0
76163	13734	281	195	0
76164	13822	281	195	0
76165	13915	281	195	0
76166	13979	281	195	0
76167	14046	281	195	0
76168	14147	280	195	0
76169	14247	280	195	0
76170	14309	279	194	0
76171	14350	279	194	0
76172	14506	279	194	0
76173	14603	279	194	0
76174	14681	278	192	0
76175	14778	278	191	0
76176	14881	278	190	0
76177	15042	277	189	0
76178	15155	277	188	0
76179	15221	277	188	0
76180	15314	277	188	0
76181	15420	277	188	0
76182	15574	276	187	0
76183	15613	276	184	0
76184	15676	274	182	0
76185	15741	273	181	0
76186	15804	273	177	0
76187	15888	273	174	0
76188	15980	272	173	0
76189	16078	272	173	0
76190	16172	271	171	0
76191	16248	271	172	0
76192	16314	271	171	0
76193	16413	271	171	0
76194	16477	271	171	0
76195	16539	271	171	0
76196	16624	271	171	0
76197	16709	271	171	0
76198	16800	271	171	0
76199	16847	271	170	0
76200	16944	270	170	0
76201	17039	270	170	0
76202	17100	270	170	0
76203	17214	270	170	0
76204	17341	270	170	0
76205	17423	270	170	0
76206	17515	270	170	0
76207	17577	270	170	0
76208	17653	271	170	0
76209	17745	271	170	0
76210	17870	271	170	0
76211	17945	271	170	0
76212	18037	271	170	0
76213	18113	271	170	0
76214	18204	271	170	0
76215	18268	271	170	0
76216	18341	271	170	0
76217	18422	271	170	0
76218	18516	271	170	0
76219	18608	270	169	0
76220	18671	270	169	0
76221	18750	269	169	0
76222	18852	270	169	0
76223	18986	270	169	0
76224	19116	270	169	0
76225	19175	270	169	0
76226	19245	270	169	0
76227	19352	270	169	0
76228	19468	269	168	0
76229	19579	269	168	0
76230	19709	269	168	0
76231	19813	269	168	0
76232	19904	269	168	0
76233	19984	269	168	0
76234	20074	270	169	0
76235	20204	270	169	0
76236	20332	270	169	0
76237	20383	270	169	0
76238	20475	270	169	0
76239	20540	270	169	0
76240	20595	270	169	0
76241	20667	270	169	0
76242	20780	270	169	0
76243	20867	270	169	0
76244	21001	270	169	0
76245	21099	270	169	0
76246	21173	270	169	0
76247	21248	270	169	0
76248	21335	270	169	0
76249	21441	270	169	0
76250	21569	270	169	0
76251	21702	270	169	0
76252	21780	270	169	0
76253	21877	270	169	0
76254	21984	270	169	0
76255	22138	270	169	0
76256	22225	270	169	0
76257	22305	270	169	0
76258	22394	270	169	0
76259	22443	270	169	0
76260	22498	270	169	0
76261	22555	270	169	0
76262	22610	270	169	0
76263	22705	270	169	0
76264	22795	270	169	0
76265	22841	270	169	0
76266	22966	270	169	0
76267	23037	270	169	0
76268	23132	270	169	0
76269	23204	270	168	0
76270	23302	270	169	0
76271	23338	270	169	0
76272	23439	270	169	0
76273	23501	270	168	0
76274	23565	270	169	0
76275	23649	270	169	0
76276	23726	270	169	0
76277	23835	270	169	0
76278	23904	270	169	0
76279	24003	270	169	0
76280	24135	270	169	0
76281	24242	270	169	0
76282	24334	270	169	0
76283	24447	270	169	0
76284	24525	270	169	0
76285	24634	270	168	0
76286	24732	270	169	0
76287	24796	270	169	0
76288	24907	270	169	0
76289	24978	270	169	0
76290	25058	270	169	0
76291	25103	270	169	0
76292	25199	270	169	0
76293	25268	270	169	0
76294	25367	270	169	0
76295	25469	270	169	0
76296	25534	270	169	0
76297	25598	270	169	0
76298	25696	270	169	0
76299	25747	270	169	0
76300	25840	270	169	0
76301	25909	270	169	0
76302	25999	270	169	0
76303	26064	270	169	0
76304	26140	270	169	0
76305	26237	270	169	0
76306	26302	270	169	0
76307	26365	270	169	0
76308	26466	270	169	0
76309	26558	270	169	0
76310	26654	270	169	0
76311	26751	270	169	0
76312	26862	270	169	0
76313	26940	270	169	0
76314	27034	270	169	0
76315	27133	270	169	0
76316	27235	270	169	0
76317	27324	270	169	0
76318	27374	270	169	0
76319	27466	270	169	0
76320	27552	270	169	0
76321	27638	270	169	0
76322	27729	270	169	0
76323	27803	270	169	0
76324	27866	270	169	0
76325	27938	270	169	0
76326	28029	270	169	0
76327	28124	270	169	0
76328	28198	270	169	0
76329	28270	270	169	0
76330	28405	270	169	0
76331	28470	270	169	0
76332	28559	270	169	0
76333	28634	270	169	0
76334	28736	270	169	0
76335	28829	269	168	0
76336	28913	269	168	0
76337	28989	270	169	0
76338	29073	269	169	0
76339	29160	270	170	0
76340	29235	270	170	0
76341	29336	270	170	0
76342	29409	270	170	0
76343	29529	270	170	0
76344	29599	270	170	0
76345	29703	270	170	0
76346	29789	270	170	0
76347	29842	270	170	0
76348	29928	270	170	0
76349	29997	270	170	0
76350	30094	270	170	0
76351	30200	270	170	0
76352	30257	270	170	0
76353	30361	270	170	0
76354	30429	270	170	0
76355	30493	270	170	0
76356	30555	270	170	0
76357	30635	270	170	0
76358	30723	270	170	0
76359	30832	270	170	0
76360	30927	270	170	0
76361	31028	270	169	0
76362	31125	270	170	0
76363	31200	270	170	0
76364	31296	270	170	0
76365	31398	270	170	0
76366	31494	270	170	0
76367	31600	270	170	0
76368	31691	270	170	0
76369	31762	270	170	0
76370	31860	270	170	0
76371	31968	270	170	0
76372	32057	270	170	0
76373	32120	270	170	0
76374	32181	270	170	0
76375	32242	270	170	0
76376	32295	270	170	0
76377	32398	270	170	0
76378	32527	270	170	0
76379	32627	270	170	0
76380	32731	270	170	0
76381	32824	270	170	0
76382	32898	270	170	0
76383	32992	270	170	0
76384	33091	270	170	0
76385	33163	270	170	0
76386	33283	270	170	0
76387	33360	270	170	0
76388	33459	270	170	0
76389	33539	270	170	0
76390	33626	270	170	0
76391	33691	270	170	0
76392	33735	270	170	0
76393	33829	270	170	0
76394	33917	270	170	0
76395	34037	270	170	0
76396	34123	270	170	0
76397	34208	270	170	0
76398	34338	270	170	0
76399	34424	270	170	0
76400	34496	270	170	0
76401	34569	270	170	0
76402	34655	270	170	0
76403	34753	270	170	0
76404	34827	270	170	0
76405	34922	270	170	0
76406	35031	270	170	0
76407	35117	270	170	0
76408	35201	270	170	0
76409	35286	270	170	0
76410	35388	270	170	0
76411	35482	270	170	0
76412	35525	270	170	0
76413	35622	270	170	0
76414	35725	270	170	0
76415	35790	270	170	0
76416	35884	270	170	0
76417	35949	270	170	0
76418	36027	270	170	0
76419	36095	270	170	0
76420	36206	270	170	0
76421	36323	270	170	0
76422	36394	270	170	0
76423	36490	270	170	0
76424	36589	270	170	0
76425	36664	270	170	0
76426	36751	270	170	0
76427	36864	270	170	0
76428	36950	270	170	0
76429	37022	270	171	0
76430	37091	270	171	0
76431	37184	270	171	0
76432	37260	270	171	0
76433	37357	270	171	0
76434	37483	270	171	0
76435	37548	270	171	0
76436	37656	270	171	0
76437	37720	270	171	0
76438	37783	270	171	0
76439	37861	270	171	0
76440	37926	270	171	0
76441	38035	270	171	0
76442	38122	270	171	0
76443	38193	270	171	0
76444	38316	270	171	0
76445	38447	270	171	0
76446	38488	270	171	0
76447	38556	270	171	0
76448	38621	270	171	0
76449	38662	270	171	0
76450	38779	270	171	0
76451	38844	270	171	0
76452	38894	270	171	0
76453	39019	270	171	0
76454	39122	270	171	0
76455	39254	270	171	0
76456	39357	270	171	0
76457	39446	270	171	0
76458	39493	270	171	0
76459	39580	270	171	0
76460	39645	270	171	0
76461	39707	270	171	0
76462	39816	270	171	0
76463	39888	270	171	0
76464	39985	270	171	0
76465	40091	270	171	0
76466	40153	270	171	0
76467	40214	270	171	0
76468	40286	270	171	0
76469	40337	270	171	0
76470	40419	270	171	0
76471	40520	270	171	0
76472	40579	270	171	0
76473	40657	270	171	0
76474	40754	270	171	0
76475	40847	270	171	0
76476	40929	270	171	0
76477	41019	270	171	0
76478	41100	270	171	0
76479	41148	270	171	0
76480	41190	270	171	0
76481	41308	270	171	0
76482	41385	270	171	0
76483	41457	270	171	0
76484	41552	270	171	0
76485	41645	270	171	0
76486	41743	270	171	0
76487	41791	270	171	0
76488	41866	270	171	0
76489	41938	270	171	0
76490	42001	270	171	0
76491	42105	270	171	0
76492	42218	270	171	0
76493	42313	270	171	0
76494	42421	270	171	0
76495	42541	270	171	0
76496	42614	270	171	0
76497	42713	270	171	0
76498	42781	270	171	0
76499	42849	270	171	0
76500	42940	270	171	0
76501	43018	270	171	0
76502	43081	270	171	0
76503	43181	270	171	0
76504	43247	270	171	0
76505	43373	270	171	0
76506	43451	270	171	0
76507	43556	270	171	0
76508	43648	270	171	0
76509	43781	270	171	0
76510	43849	270	171	0
76511	43977	270	171	0
76512	44046	270	171	0
76513	44112	270	171	0
76514	44174	270	171	0
76515	44250	270	171	0
76516	44331	270	171	0
76517	44423	270	171	0
76518	44510	270	171	0
76519	44612	270	171	0
76520	44684	270	171	0
76521	44848	270	171	0
76522	44912	270	171	0
76523	45004	270	171	0
76524	45083	270	171	0
76525	45185	270	171	0
76526	45294	270	171	0
76527	45377	270	171	0
76528	45454	270	171	0
76529	45551	270	171	0
76530	45640	270	171	0
76531	45714	270	171	0
76532	45780	270	171	0
76533	45869	270	171	0
76534	45983	270	171	0
76535	46078	270	171	0
76536	46153	270	171	0
76537	46241	270	171	0
76538	46311	270	171	0
76539	46386	270	171	0
76540	46448	270	171	0
76541	46539	270	171	0
76542	46636	270	171	0
76543	46712	270	171	0
76544	46807	270	171	0
76545	46875	270	171	0
76546	46945	270	171	0
76547	47038	270	171	0
76548	47152	270	171	0
76549	47247	270	171	0
76550	47348	270	171	0
76551	47445	270	171	0
76552	47508	270	171	0
76553	47607	270	171	0
76554	47670	270	171	0
76555	47714	270	171	0
76556	47781	270	171	0
76557	47870	270	171	0
76558	47952	270	171	0
76559	48016	270	171	0
76560	48085	270	171	0
76561	48174	270	171	0
76562	48302	270	171	0
76563	48380	270	171	0
76564	48507	270	171	0
76565	48639	270	171	0
76566	48746	270	171	0
76567	48840	270	171	0
76568	48912	270	171	0
76569	48962	270	171	0
76570	49025	270	171	0
76571	49137	270	171	0
76572	49176	270	171	0
76573	49249	270	171	0
76574	49373	270	171	0
76575	49510	270	171	0
76576	49582	270	171	0
76577	49707	270	171	0
76578	49812	270	171	0
76579	49879	270	171	0
76580	49971	270	171	0
76581	50076	270	171	0
76582	50138	270	171	0
76583	50212	270	171	0
76584	50302	270	171	0
76585	50411	270	171	0
76586	50536	270	171	0
76587	50581	270	171	0
76588	50670	270	171	0
76589	50764	270	171	0
76590	50839	270	171	0
76591	50939	270	171	0
76592	51068	270	171	0
76593	51133	270	171	0
76594	51199	270	171	0
76595	51247	270	171	0
76596	51368	270	171	0
76597	51441	270	171	0
76598	51534	270	171	0
76599	51596	270	171	0
76600	51678	270	171	0
76601	51771	270	171	0
76602	51836	270	171	0
76603	51938	270	171	0
76604	51996	270	171	0
76605	52073	270	171	0
76606	52158	270	171	0
76607	52331	270	171	0
76608	52397	270	171	0
76609	52475	270	171	0
76610	52567	270	171	0
76611	52636	270	171	0
76612	52711	270	171	0
76613	52804	270	171	0
76614	52913	270	171	0
76615	53000	270	171	0
76616	53069	270	171	0
76617	53131	270	171	0
76618	53244	270	171	0
76619	53331	270	171	0
76620	53401	270	171	0
76621	53500	269	171	0
76622	53596	270	171	0
76623	53664	270	171	0
76624	53766	270	171	0
76625	53868	270	171	0
76626	53964	269	172	0
76627	54059	268	171	0
76628	54113	268	171	0
76629	54264	268	171	0
76630	54332	268	171	0
76631	54453	268	171	0
76632	54541	268	171	0
76633	54606	268	171	0
76634	54707	268	171	0
76635	54797	268	171	0
76636	54872	268	171	0
76637	54970	268	171	0
76638	55137	268	171	0
76639	55208	268	171	0
76640	55303	268	171	0
76641	55402	268	171	0
76642	55499	268	171	0
76643	55596	268	171	0
76644	55663	268	171	0
76645	55735	268	171	0
76646	55833	268	171	0
76647	55939	268	171	0
76648	56039	268	171	0
76649	56163	268	171	0
76650	56243	268	171	0
76651	56300	268	171	0
76652	56403	268	171	0
76653	56493	268	171	0
76654	56556	268	171	0
76655	56641	268	171	0
76656	56727	268	171	0
76657	56805	268	171	0
76658	56880	268	171	0
76659	56952	268	171	0
76660	57037	268	171	0
76661	57127	268	171	0
76662	57200	268	171	0
76663	57297	268	171	0
76664	57389	268	171	0
76665	57440	268	171	0
76666	57494	268	171	0
76667	57564	268	171	0
76668	57636	268	171	0
76669	57728	268	171	0
76670	57791	268	171	0
76671	57863	268	171	0
76672	57964	268	171	0
76673	58064	268	171	0
76674	58126	268	171	0
76675	58188	268	171	0
76676	58241	268	171	0
76677	58404	268	171	0
76678	58477	268	171	0
76679	58558	268	171	0
76680	58620	268	171	0
76681	58668	268	171	0
76682	58767	268	171	0
76683	58900	268	171	0
76684	58963	268	171	0
76685	59071	268	171	0
76686	59171	268	171	0
76687	59241	268	171	0
76688	59325	268	171	0
76689	59398	268	171	0
76690	59495	268	171	0
76691	59568	268	171	0
76692	59662	268	171	0
76693	59763	268	171	0
76694	59852	268	171	0
76695	59899	268	171	0
76696	59968	268	171	0
76697	60060	268	171	0
76698	60158	268	171	0
76699	60259	268	171	0
76700	60342	268	171	0
76701	60435	268	171	0
76702	60507	268	171	0
76703	60598	268	171	0
76704	60705	268	171	0
76705	60791	268	171	0
76706	60863	268	171	0
76707	60927	268	171	0
76708	61021	268	171	0
76709	61078	268	171	0
76710	61131	268	171	0
76711	61259	268	171	0
76712	61354	268	171	0
76713	61477	268	171	0
76714	61602	268	171	0
76715	61700	268	171	0
76716	61814	268	171	0
76717	61893	268	171	0
76718	61995	268	171	0
76719	62086	268	171	0
76720	62159	268	171	0
76721	62220	268	171	0
76722	62304	268	171	0
76723	62428	268	171	0
76724	62495	268	171	0
76725	62588	268	171	0
76726	62654	268	171	0
76727	62760	268	171	0
76728	62823	268	171	0
76729	62887	268	171	0
76730	62956	268	171	0
76731	63054	268	171	0
76732	63125	268	171	0
76733	63227	268	171	0
76734	63345	268	171	0
76735	63452	268	171	0
76736	63524	268	171	0
76737	63601	268	171	0
76738	63687	268	171	0
76739	63785	268	171	0
76740	63864	268	171	0
76741	63953	268	171	0
76742	64064	268	171	0
76743	64155	268	171	0
76744	64252	268	171	0
76745	64346	268	171	0
76746	64456	268	171	0
76747	64521	268	171	0
76748	64591	268	171	0
76749	64686	268	171	0
76750	64788	268	171	0
76751	64884	268	171	0
76752	64960	268	171	0
76753	65057	268	171	0
76754	65156	268	171	0
76755	65218	268	171	0
76756	65285	268	171	0
76757	65351	268	171	0
76758	65423	268	171	0
76759	65494	268	171	0
76760	65575	268	171	0
76761	65655	268	171	0
76762	65728	268	171	0
76763	65842	268	171	0
76764	65950	268	171	0
76765	66023	268	171	0
76766	66090	268	171	0
76767	66186	268	171	0
76768	66285	268	171	0
76769	66390	268	171	0
76770	66464	268	171	0
76771	66552	268	171	0
76772	66620	268	171	0
76773	66685	268	171	0
76774	66782	268	171	0
76775	66853	268	171	0
76776	66922	268	171	0
76777	67022	268	171	0
76778	67118	268	171	0
76779	67190	268	171	0
76780	67293	268	171	0
76781	67418	268	171	0
76782	67518	268	171	0
76783	67611	268	171	0
76784	67677	268	171	0
76785	67720	268	171	0
76786	67819	268	171	0
76787	67894	268	171	0
76788	67967	268	171	0
76789	68036	268	171	0
76790	68097	268	171	0
76791	68203	268	171	0
76792	68287	268	171	0
76793	68412	268	171	0
76794	68494	268	171	0
76795	68621	268	171	0
76796	68690	268	171	0
76797	68813	268	171	0
76798	68877	268	171	0
76799	68955	268	171	0
76800	69051	268	171	0
76801	69124	268	171	0
76802	69216	268	171	0
76803	69309	268	171	0
76804	69352	268	171	0
76805	69448	268	171	0
76806	69516	268	171	0
76807	69580	268	171	0
76808	69644	268	171	0
76809	69711	268	171	0
76810	69777	268	171	0
76811	69854	268	171	0
76812	69927	268	171	0
76813	70048	268	171	0
76814	70120	268	171	0
76815	70178	268	171	0
76816	70249	268	171	0
76817	70342	267	171	0
76818	70421	267	171	0
76819	70512	267	171	0
76820	70616	267	171	0
76821	70680	267	171	0
76822	70756	267	171	0
76823	70845	267	171	0
76824	70943	267	171	0
76825	71013	267	171	0
76826	71099	267	171	0
76827	71150	267	171	0
76828	71211	267	171	0
76829	71275	267	171	0
76830	71342	267	171	0
76831	71394	267	171	0
76832	71480	267	171	0
76833	71559	267	171	0
76834	71621	267	171	0
76835	71711	267	171	0
76836	71771	267	171	0
76837	71822	267	171	0
76838	71879	267	171	0
76839	71955	267	171	0
76840	72047	267	171	0
76841	72173	267	171	0
76842	72278	267	171	0
76843	72342	267	171	0
76844	72415	267	171	0
76845	72508	267	171	0
76846	72604	267	171	0
76847	72746	267	171	0
76848	72879	267	171	0
76849	72974	267	171	0
76850	73059	267	171	0
76851	73132	267	171	0
76852	73213	267	171	0
76853	73308	267	171	0
76854	73403	267	171	0
76855	73479	267	171	0
76856	73584	267	171	0
76857	73707	267	171	0
76858	73888	267	171	0
76859	73953	267	171	0
76860	74053	267	171	0
76861	74148	267	171	0
76862	74268	267	171	0
76863	74312	267	171	0
76864	74410	267	171	0
76865	74540	267	171	0
76866	74603	267	171	0
76867	74715	267	171	0
76868	74811	267	171	0
76869	74881	267	171	0
76870	74993	267	171	0
76871	75088	267	171	0
76872	75173	267	171	0
76873	75249	267	171	0
76874	75339	267	171	0
76875	75412	267	171	0
76876	75502	267	171	0
76877	75552	267	171	0
76878	75667	267	171	0
76879	75715	267	171	0
76880	75804	267	171	0
76881	75902	267	171	0
76882	75972	267	171	0
76883	76040	267	171	0
76884	76108	267	171	0
76885	76204	267	171	0
76886	76268	267	171	0
76887	76343	267	171	0
76888	76444	267	171	0
76889	76607	267	171	0
76890	76701	267	171	0
76891	76752	267	171	0
76892	76835	267	171	0
76893	76904	267	171	0
76894	76973	267	171	0
76895	77073	267	171	0
76896	77183	267	171	0
76897	77281	267	171	0
76898	77375	267	171	0
76899	77476	267	171	0
76900	77565	267	171	0
76901	77648	267	171	0
76902	77719	267	171	0
76903	77781	267	171	0
76904	77869	267	171	0
76905	77944	267	171	0
76906	78004	267	171	0
76907	78103	267	171	0
76908	78207	267	171	0
76909	78270	267	171	0
76910	78333	267	171	0
76911	78396	267	171	0
76912	78474	267	171	0
76913	78573	267	171	0
76914	78678	267	171	0
76915	78760	267	171	0
76916	78834	267	171	0
76917	78906	267	171	0
76918	78981	267	171	0
76919	79061	267	171	0
76920	79100	267	171	0
76921	79168	267	171	0
76922	79269	267	171	0
76923	79337	267	171	0
76924	79408	267	171	0
76925	79508	266	171	0
76926	79601	266	171	0
76927	79677	266	171	0
76928	79783	266	171	0
76929	79849	266	171	0
76930	79938	266	171	0
76931	80030	266	171	0
76932	80139	266	171	0
76933	80312	266	171	0
76934	80398	265	172	0
76935	80483	265	172	0
76936	80546	265	172	0
76937	80609	265	172	0
76938	80679	265	172	0
76939	80765	265	172	0
76940	80830	265	172	0
76941	80873	265	172	0
76942	80938	265	172	0
76943	81013	265	172	0
76944	81100	265	172	0
76945	81166	265	172	0
76946	81262	265	172	0
76947	81305	265	172	0
76948	81366	265	172	0
76949	81470	265	172	0
76950	81543	265	172	0
76951	81628	265	172	0
76952	81737	265	172	0
76953	81803	265	172	0
76954	81954	265	172	0
76955	82058	265	172	0
76956	82172	265	172	0
76957	82246	265	172	0
76958	82367	265	172	0
76959	82460	265	172	0
76960	82514	265	172	0
76961	82667	265	172	0
76962	82737	265	172	0
76963	82807	265	172	0
76964	82895	265	172	0
76965	83034	265	172	0
76966	83133	265	172	0
76967	83192	265	172	0
76968	83249	265	172	0
76969	83324	265	172	0
76970	83374	265	172	0
76971	83450	265	172	0
76972	83541	265	172	0
76973	83629	265	172	0
76974	83692	265	172	0
76975	83778	265	172	0
76976	83834	265	172	0
76977	83899	265	172	0
76978	83968	265	172	0
76979	84066	265	172	0
76980	84166	265	172	0
76981	84241	265	172	0
76982	84333	265	172	0
76983	84408	265	172	0
76984	84494	265	172	0
76985	84598	265	172	0
76986	84696	265	172	0
76987	84798	265	172	0
76988	84932	265	172	0
76989	84998	265	172	0
76990	85098	265	172	0
76991	85151	265	172	0
76992	85228	265	172	0
76993	85295	265	172	0
76994	85360	265	172	0
76995	85406	265	172	0
76996	85493	265	172	0
76997	85660	265	172	0
76998	85757	265	172	0
76999	85872	265	172	0
77000	85969	265	172	0
77001	86093	265	172	0
77002	86190	265	172	0
77003	86236	265	172	0
77004	86296	265	172	0
77005	86359	265	172	0
77006	86416	265	172	0
77007	86560	266	172	0
77008	86647	266	172	0
77009	86701	265	173	0
77010	86833	265	173	0
77011	86933	265	173	0
77012	87039	265	173	0
77013	87135	265	173	0
77014	87229	265	173	0
77015	87323	265	173	0
77016	87430	265	173	0
77017	87502	265	173	0
77018	87598	265	173	0
77019	87692	265	173	0
77020	87762	265	173	0
77021	87852	265	173	0
77022	87960	265	173	0
77023	88057	265	173	0
77024	88168	265	173	0
77025	88268	265	173	0
77026	88358	265	173	0
77027	88462	265	173	0
77028	88597	265	173	0
77029	88698	265	173	0
77030	88778	265	173	0
77031	88842	265	173	0
77032	88924	265	173	0
77033	88995	265	173	0
77034	89138	265	173	0
77035	89223	265	173	0
77036	89299	265	173	0
77037	89390	265	173	0
77038	89452	265	173	0
77039	89516	265	173	0
77040	89593	265	173	0
77041	89692	265	173	0
77042	89756	265	173	0
77043	89826	265	173	0
77044	89901	265	173	0
77045	89991	265	173	0
77046	90058	265	173	0
77047	90117	265	173	0
77048	90176	265	173	0
77049	90252	265	173	0
77050	90327	265	173	0
77051	90398	265	173	0
77052	90522	265	173	0
77053	90590	265	173	0
77054	90659	265	173	0
77055	90762	265	173	0
77056	90924	265	173	0
77057	90983	265	173	0
77058	91044	265	173	0
77059	91106	265	173	0
77060	91196	265	173	0
77061	91326	265	173	0
77062	91420	265	173	0
77063	91516	265	173	0
77064	91582	265	173	0
77065	91645	265	173	0
77066	91723	265	173	0
77067	91821	265	173	0
77068	91885	265	173	0
77069	91978	265	173	0
77070	92064	265	173	0
77071	92162	265	173	0
77072	92251	265	173	0
77073	92309	265	173	0
77074	92401	265	173	0
77075	92487	265	173	0
77076	92556	265	173	0
77077	92621	265	173	0
77078	92692	265	173	0
77079	92780	265	173	0
77080	92824	265	173	0
77081	92889	265	173	0
77082	92941	265	173	0
77083	93021	265	173	0
77084	93094	265	173	0
77085	93181	265	173	0
77086	93223	265	173	0
77087	93299	265	173	0
77088	93363	265	173	0
77089	93447	265	173	0
77090	93550	265	173	0
77091	93613	265	173	0
77092	93724	265	173	0
77093	93825	265	173	0
77094	93922	265	173	0
77095	94011	265	173	0
77096	94092	265	173	0
77097	94162	265	173	0
77098	94219	265	173	0
77099	94292	265	173	0
77100	94387	265	173	0
77101	94483	265	173	0
77102	94565	265	173	0
77103	94662	265	173	0
77104	94749	265	173	0
77105	94813	265	173	0
77106	94888	265	173	0
77107	94960	265	173	0
77108	95091	265	173	0
77109	95158	265	173	0
77110	95231	265	173	0
77111	95359	265	173	0
77112	95461	265	173	0
77113	95549	265	173	0
77114	95695	265	173	0
77115	95816	265	173	0
77116	95915	264	174	0
77117	95982	264	174	0
77118	96053	264	174	0
77119	96155	264	174	0
77120	96287	264	174	0
77121	96390	264	174	0
77122	96446	264	174	0
77123	96523	264	173	0
77124	96586	265	173	0
77125	96692	265	173	0
77126	96781	265	173	0
77127	96876	265	173	0
77128	96956	265	173	0
77129	97047	265	173	0
77130	97093	265	173	0
77131	97179	265	173	0
77132	97250	265	173	0
77133	97385	265	173	0
77134	97481	265	173	0
77135	97550	265	173	0
77136	97711	265	173	0
77137	97816	265	173	0
77138	97888	265	173	0
77139	97957	265	173	0
77140	98081	265	173	0
77141	98160	265	173	0
77142	98250	265	173	0
77143	98310	265	173	0
77144	98353	265	173	0
77145	98413	265	173	0
77146	98479	265	173	0
77147	98541	265	173	0
77148	98607	265	173	0
77149	98708	265	173	0
77150	98781	265	173	0
77151	98844	264	174	0
77152	98917	264	174	0
77153	98987	264	174	0
77154	99120	264	174	0
77155	99213	264	174	0
77156	99277	264	174	0
77157	99390	264	174	0
77158	99488	264	174	0
77159	99580	264	174	0
77160	99668	264	174	0
77161	99740	264	174	0
77162	99852	264	174	0
77163	99951	264	174	0
77164	100048	264	174	0
77165	100174	264	174	0
77166	100246	264	174	0
77167	100310	264	174	0
77168	100455	264	174	0
77169	100540	264	174	0
77170	100614	264	174	0
77171	100680	264	174	0
77172	100723	264	174	0
77173	100786	264	174	0
77174	100843	264	174	0
77175	100919	264	174	0
77176	100997	264	174	0
77177	101089	264	174	0
77178	101153	264	174	0
77179	101278	264	174	0
77180	101340	264	174	0
77181	101411	264	174	0
77182	101455	264	174	0
77183	101549	264	174	0
77184	101615	264	174	0
77185	101709	264	174	0
77186	101838	264	174	0
77187	101947	264	174	0
77188	102062	264	174	0
77189	102174	264	174	0
77190	102244	264	174	0
77191	102323	264	174	0
77192	102408	264	174	0
77193	102478	264	173	0
77194	102544	264	173	0
77195	102605	264	173	0
77196	102712	265	173	0
77197	102792	265	173	0
77198	102885	265	173	0
77199	103038	265	173	0
77200	103149	264	174	0
77201	103232	264	174	0
77202	103307	264	174	0
77203	103370	264	174	0
77204	103518	264	174	0
77205	103613	264	174	0
77206	103710	264	174	0
77207	103839	264	174	0
77208	103918	264	174	0
77209	103978	264	174	0
77210	104070	265	174	0
77211	104108	265	174	0
77212	104173	264	174	0
77213	104246	264	175	0
77214	104366	264	175	0
77215	104518	264	175	0
77216	104623	264	175	0
77217	104732	264	175	0
77218	104778	263	175	0
77219	104838	263	175	0
77220	104949	263	175	0
77221	105018	263	175	0
77222	105106	263	175	0
77223	105215	263	175	0
77224	105278	263	175	0
77225	105340	263	175	0
77226	105426	263	175	0
77227	105530	263	175	0
77228	105578	263	175	0
77229	105748	263	175	0
77230	105836	263	175	0
77231	105932	263	175	0
77232	106019	263	175	0
77233	106077	263	175	0
77234	106145	263	175	0
77235	106245	263	175	0
77236	106364	263	175	0
77237	106408	263	175	0
77238	106472	263	175	0
77239	106606	263	175	0
77240	106679	263	175	0
77241	106771	263	175	0
77242	106880	263	175	0
77243	107015	263	175	0
77244	107078	263	175	0
77245	107167	263	175	0
77246	107239	263	175	0
77247	107306	263	175	0
77248	107376	263	175	0
77249	107477	263	175	0
77250	107565	263	175	0
77251	107641	263	175	0
77252	107712	263	175	0
77253	107806	263	175	0
77254	107894	263	175	0
77255	107997	263	175	0
77256	108075	263	175	0
77257	108145	263	175	0
77258	108236	263	175	0
77259	108301	263	175	0
77260	108428	263	175	0
77261	108474	263	175	0
77262	108533	263	175	0
77263	108636	263	175	0
77264	108702	263	175	0
77265	108763	263	175	0
77266	108833	263	175	0
77267	108904	263	175	0
77268	108969	263	175	0
77269	109078	263	175	0
77270	109164	263	175	0
77271	109227	263	175	0
77272	109301	263	175	0
77273	109368	263	175	0
77274	109436	263	175	0
77275	109486	263	175	0
77276	109572	263	175	0
77277	109659	263	175	0
77278	109742	263	175	0
77279	109839	263	175	0
77280	109929	263	175	0
77281	110028	263	175	0
77282	110103	263	175	0
77283	110206	263	175	0
77284	110333	263	175	0
77285	110434	263	175	0
77286	110514	263	175	0
77287	110603	263	175	0
77288	110672	263	175	0
77289	110806	263	175	0
77290	110897	263	175	0
77291	110968	263	175	0
77292	111034	263	175	0
77293	111103	263	175	0
77294	111196	263	175	0
77295	111262	263	175	0
77296	111346	263	175	0
77297	111430	263	175	0
77298	111499	263	175	0
77299	111596	263	175	0
77300	111697	263	175	0
77301	111789	263	175	0
77302	111898	263	175	0
77303	111996	263	175	0
77304	112067	263	175	0
77305	112127	263	175	0
77306	112237	263	175	0
77307	112334	263	175	0
77308	112399	263	175	0
77309	112492	263	175	0
77310	112578	263	175	0
77311	112664	263	175	0
77312	112766	263	175	0
77313	112862	263	175	0
77314	112928	263	175	0
77315	113003	263	175	0
77316	113099	263	175	0
77317	113206	263	175	0
77318	113329	263	175	0
77319	113467	263	175	0
77320	113574	263	175	0
77321	113659	263	175	0
77322	113765	263	175	0
77323	113841	263	175	0
77324	113931	263	175	0
77325	114035	263	175	0
77326	114125	263	175	0
77327	114188	263	175	0
77328	114269	263	175	0
77329	114358	263	175	0
77330	114428	263	175	0
77331	114493	263	175	0
77332	114565	263	175	0
77333	114637	263	175	0
77334	114773	263	175	0
77335	114863	263	175	0
77336	114977	263	175	0
77337	115060	263	175	0
77338	115167	263	175	0
77339	115293	263	175	0
77340	115356	263	175	0
77341	115420	263	175	0
77342	115467	263	175	0
77343	115561	263	175	0
77344	115638	263	175	0
77345	115715	263	175	0
77346	115790	263	175	0
77347	115852	263	175	0
77348	115928	263	175	0
77349	115995	263	175	0
77350	116066	263	175	0
77351	116126	263	175	0
77352	116192	263	176	0
77353	116264	263	175	0
77354	116363	263	175	0
77355	116527	263	175	0
77356	116610	263	175	0
77357	116726	263	175	0
77358	116824	263	175	0
77359	116925	263	175	0
77360	116988	263	175	0
77361	117061	263	175	0
77362	117129	263	175	0
77363	117193	263	175	0
77364	117296	263	175	0
77365	117396	263	175	0
77366	117487	263	175	0
77367	117655	263	175	0
77368	117731	263	175	0
77369	117824	263	175	0
77370	117936	263	175	0
77371	117996	263	175	0
77372	118104	263	175	0
77373	118191	263	175	0
77374	118284	263	175	0
77375	118363	263	175	0
77376	118426	263	175	0
77377	118513	263	175	0
77378	118590	263	175	0
77379	118680	263	175	0
77380	118802	263	175	0
77381	118888	263	175	0
77382	118993	263	175	0
77383	119085	263	175	0
77384	119164	263	175	0
77385	119252	263	175	0
77386	119325	263	175	0
77387	119388	263	175	0
77388	119459	263	175	0
77389	119519	263	175	0
77390	119590	263	175	0
77391	119656	263	175	0
77392	119724	263	175	0
77393	119804	263	175	0
77394	119883	263	175	0
77395	119954	263	175	0
77396	119992	263	175	0
77397	120095	263	175	0
77398	120254	263	175	0
77399	120352	263	175	0
77400	120463	263	175	0
77401	120610	263	175	0
77402	120722	263	175	0
77403	120801	263	175	0
77404	120866	263	175	0
77405	120922	263	175	0
77406	120991	263	175	0
77407	121062	263	175	0
77408	121120	263	175	0
77409	121188	263	175	0
77410	121265	263	175	0
77411	121401	263	175	0
77412	121484	263	175	0
77413	121556	263	175	0
77414	121634	263	175	0
77415	121695	263	175	0
77416	121773	263	175	0
77417	121855	263	175	0
77418	121914	263	175	0
77419	122021	263	175	0
77420	122122	263	175	0
77421	122214	263	175	0
77422	122285	263	175	0
77423	122353	263	175	0
77424	122465	263	175	0
77425	122601	263	175	0
77426	122664	263	175	0
77427	122744	263	175	0
77428	122844	263	175	0
77429	122920	263	175	0
77430	122997	263	175	0
77431	123117	263	175	0
77432	123191	263	175	0
77433	123248	263	175	0
77434	123288	263	175	0
77435	123353	263	175	0
77436	123416	263	175	0
77437	123549	263	175	0
77438	123648	263	175	0
77439	123727	263	175	0
77440	123814	263	175	0
77441	123860	263	175	0
77442	123949	263	175	0
77443	124051	263	175	0
77444	124124	263	175	0
77445	124261	263	175	0
77446	124386	263	175	0
77447	124483	263	175	0
77448	124554	263	175	0
77449	124620	263	175	0
77450	124719	263	175	0
77451	124788	263	175	0
77452	124875	263	175	0
77453	124953	263	175	0
77454	125047	263	175	0
77455	125127	263	175	0
77456	125245	263	175	0
77457	125317	263	175	0
77458	125393	263	175	0
77459	125490	263	175	0
77460	125589	263	175	0
77461	125682	263	175	0
77462	125726	263	175	0
77463	125813	263	175	0
77464	125879	263	175	0
77465	125960	263	175	0
77466	126044	263	175	0
77467	126128	263	175	0
77468	126217	263	175	0
77469	126283	263	175	0
77470	126380	263	175	0
77471	126507	263	175	0
77472	126587	263	175	0
77473	126679	263	175	0
77474	126758	263	175	0
77475	126845	263	175	0
77476	126942	263	175	0
77477	127054	263	175	0
77478	127157	263	175	0
77479	127286	263	175	0
77480	127392	263	175	0
77481	127457	263	175	0
77482	127546	263	175	0
77483	127614	263	175	0
77484	127691	263	175	0
77485	127783	263	175	0
77486	127857	263	175	0
77487	127946	263	175	0
77488	128014	263	175	0
77489	128077	263	175	0
77490	128149	263	175	0
77491	128213	263	175	0
77492	128270	263	175	0
77493	128350	263	175	0
77494	128414	263	175	0
77495	128510	263	175	0
77496	128571	263	175	0
77497	128654	263	175	0
77498	128752	263	175	0
77499	128879	263	175	0
77500	129039	263	175	0
77501	129147	263	175	0
77502	129243	263	175	0
77503	129307	263	175	0
77504	129371	263	175	0
77505	129444	263	175	0
77506	129523	263	175	0
77507	129612	263	175	0
77508	129708	263	175	0
77509	129804	263	175	0
77510	129880	263	175	0
77511	129949	263	175	0
77512	130027	263	175	0
77513	130117	263	175	0
77514	130205	263	175	0
77515	130278	263	175	0
77516	130343	263	175	0
77517	130450	263	175	0
77518	130541	263	175	0
77519	130646	263	175	0
77520	130712	263	175	0
77521	130772	263	175	0
77522	130879	263	175	0
77523	131045	263	175	0
77524	131139	263	175	0
77525	131242	263	175	0
77526	131381	263	175	0
77527	131479	263	175	0
77528	131573	263	175	0
77529	131713	263	175	0
77530	131813	263	175	0
77531	131906	263	175	0
77532	131973	263	175	0
77533	132041	263	175	0
77534	132111	263	175	0
77535	132215	263	175	0
77536	132384	263	175	0
77537	132472	263	175	0
77538	132540	263	175	0
77539	132636	263	175	0
77540	132716	263	175	0
77541	132784	263	175	0
77542	132860	263	175	0
77543	132942	263	175	0
77544	133035	263	175	0
77545	133095	263	175	0
77546	133150	263	175	0
77547	133251	263	175	0
77548	133342	263	175	0
77549	133440	263	175	0
77550	133532	263	175	0
77551	133617	263	175	0
77552	133702	263	175	0
77553	133776	263	175	0
77554	133905	263	175	0
77555	134002	263	175	0
77556	134044	263	175	0
77557	134150	263	175	0
77558	134303	263	175	0
77559	134363	263	175	0
77560	134448	263	175	0
77561	134534	263	175	0
77562	134608	263	175	0
77563	134672	263	175	0
77564	134764	263	175	0
77565	134878	263	175	0
77566	134971	263	175	0
77567	135039	264	175	0
77568	135109	264	175	0
77569	135208	264	175	0
77570	135288	264	175	0
77571	135359	264	175	0
77572	135449	264	175	0
77573	135522	263	176	0
77574	135640	263	175	0
77575	135732	263	175	0
77576	135797	263	175	0
77577	135962	263	175	0
77578	136081	264	175	0
77579	136160	263	175	0
77580	136225	264	175	0
77581	136299	264	175	0
77582	136397	263	175	0
77583	136541	263	175	0
77584	136636	263	175	0
77585	136771	263	175	0
77586	136870	263	175	0
77587	136944	264	175	0
77588	137007	263	175	0
77589	137101	263	175	0
77590	137204	263	175	0
77591	137310	263	175	0
77592	137448	263	175	0
77593	137544	263	175	0
77594	137631	263	175	0
77595	137775	263	175	0
77596	137866	264	175	0
77597	137965	263	176	0
77598	138062	263	176	0
77599	138146	263	176	0
77600	138238	263	176	0
77601	138368	263	176	0
77602	138472	263	176	0
77603	138535	263	176	0
77604	138640	263	176	0
77605	138732	263	176	0
77606	138803	263	176	0
77607	138870	263	176	0
77608	138928	263	175	0
77609	138992	263	175	0
77610	139056	263	176	0
77611	139179	263	175	0
77612	139301	263	175	0
77613	139376	263	176	0
77614	139463	263	176	0
77615	139533	263	176	0
77616	139629	263	176	0
77617	139702	263	176	0
77618	139778	263	176	0
77619	139863	263	176	0
77620	140028	263	175	0
77621	140124	263	175	0
77622	140231	264	175	0
77623	140295	264	175	0
77624	140331	263	175	0
77625	140397	263	175	0
77626	140461	263	175	0
77627	140544	263	175	0
77628	140625	263	176	0
77629	140690	263	176	0
77630	140764	263	176	0
77631	140860	263	175	0
77632	140965	263	175	0
77633	141069	263	175	0
77634	141162	263	176	0
77635	141240	263	176	0
77636	141352	263	176	0
77637	141433	263	176	0
77638	141502	263	176	0
77639	141605	263	175	0
77640	141694	264	175	0
77641	141765	264	175	0
77642	141837	263	175	0
77643	141926	264	175	0
77644	141971	264	175	0
77645	142037	263	175	0
77646	142124	264	175	0
77647	142185	264	175	0
77648	142321	264	175	0
77649	142427	264	175	0
77650	142498	264	175	0
77651	142564	264	175	0
77652	142620	263	175	0
77653	142701	263	176	0
77654	142803	263	176	0
77655	142892	263	176	0
77656	142959	263	176	0
77657	143034	263	175	0
77658	143165	264	175	0
77659	143292	264	175	0
77660	143398	264	175	0
77661	143494	263	175	0
77662	143557	263	175	0
77663	143631	263	176	0
77664	143716	263	176	0
77665	143823	263	175	0
77666	143901	264	175	0
77667	143980	264	175	0
77668	144059	263	176	0
77669	144124	263	176	0
77670	144186	263	176	0
77671	144257	263	176	0
77672	144331	263	176	0
77673	144427	263	176	0
77674	144525	263	176	0
77675	144588	263	176	0
77676	144668	263	176	0
77677	144759	263	176	0
77678	144860	263	176	0
77679	144926	263	176	0
77680	145022	263	176	0
77681	145126	263	176	0
77682	145196	263	176	0
77683	145310	263	175	0
77684	145415	263	175	0
77685	145484	263	175	0
77686	145599	263	175	0
77687	145691	263	175	0
77688	145756	263	175	0
77689	145822	263	175	0
77690	145888	263	175	0
77691	145959	263	175	0
77692	146055	263	175	0
77693	146097	263	176	0
77694	146188	263	175	0
77695	146253	264	175	0
77696	146299	263	176	0
77697	146361	263	175	0
77698	146421	264	175	0
77699	146472	264	175	0
77700	146560	263	175	0
77701	146620	263	175	0
77702	146719	263	175	0
77703	146759	263	175	0
77704	146858	263	175	0
77705	146988	263	175	0
77706	147061	263	175	0
77707	147142	263	176	0
77708	147196	263	176	0
77709	147289	263	175	0
77710	147362	264	175	0
77711	147429	264	175	0
77712	147525	264	175	0
77713	147620	264	175	0
77714	147659	263	175	0
77715	147724	263	176	0
77716	147826	263	176	0
77717	147951	263	176	0
77718	148003	263	176	0
77719	148096	263	176	0
77720	148189	263	176	0
77721	148259	263	176	0
77722	148352	263	176	0
77723	148461	263	176	0
77724	148535	263	176	0
77725	148653	263	176	0
77726	148759	263	176	0
77727	148825	263	176	0
77728	148885	263	176	0
77729	148961	263	176	0
77730	149054	263	176	0
77731	149148	263	176	0
77732	149268	263	176	0
77733	149352	263	176	0
77734	149452	263	176	0
77735	149528	263	176	0
77736	149600	263	176	0
77737	149666	263	176	0
77738	149724	263	176	0
77739	149786	263	175	0
77740	149851	263	175	0
77741	149917	264	175	0
77742	149999	263	175	0
77743	150087	263	175	0
77744	150188	263	175	0
77745	150285	263	175	0
77746	150356	263	175	0
77747	150411	263	176	0
77748	150459	263	176	0
77749	150556	263	176	0
77750	150651	263	176	0
77751	150692	263	176	0
77752	150820	263	176	0
77753	150899	263	176	0
77754	150982	263	176	0
77755	151053	263	175	0
77756	151124	263	175	0
77757	151213	263	175	0
77758	151284	264	175	0
77759	151390	264	175	0
77760	151454	264	175	0
77761	151583	264	175	0
77762	151659	264	175	0
77763	151755	264	175	0
77764	151815	263	175	0
77765	151884	263	175	0
77766	151950	263	175	0
77767	152022	263	176	0
77768	152151	263	176	0
77769	152226	263	176	0
77770	152316	263	176	0
77771	152380	263	176	0
77772	152455	263	176	0
77773	152518	263	176	0
77774	152585	263	176	0
77775	152656	263	175	0
77776	152722	263	175	0
77777	152845	264	175	0
77778	152926	263	175	0
77779	153049	263	175	0
77780	153093	263	176	0
77781	153148	263	176	0
77782	153220	263	175	0
77783	153355	263	175	0
77784	153450	263	175	0
77785	153550	263	175	0
77786	153644	264	175	0
77787	153709	263	175	0
77788	153785	263	176	0
77789	153884	263	175	0
77790	153992	263	176	0
77791	154086	263	176	0
77792	154192	263	176	0
77793	154258	263	176	0
77794	154323	263	175	0
77795	154413	263	175	0
77796	154507	263	175	0
77797	154590	263	175	0
77798	154648	263	175	0
77799	154724	263	176	0
77800	154781	263	176	0
77801	154855	263	176	0
77802	154951	263	176	0
77803	155047	263	176	0
77804	155121	263	176	0
77805	155197	263	176	0
77806	155266	263	176	0
77807	155392	263	176	0
77808	155504	263	176	0
77809	155548	263	176	0
77810	155613	263	176	0
77811	155678	263	175	0
77812	155750	263	175	0
77813	155827	264	175	0
77814	155913	263	175	0
77815	156044	263	176	0
77816	156145	263	176	0
77817	156218	263	176	0
77818	156280	263	175	0
77819	156345	263	175	0
77820	156418	264	175	0
77821	156509	263	175	0
77822	156590	263	175	0
77823	156686	263	175	0
77824	156817	263	175	0
77825	156916	264	175	0
77826	157087	263	176	0
77827	157214	263	176	0
77828	157281	263	176	0
77829	157372	263	176	0
77830	157440	263	176	0
77831	157519	263	176	0
77832	157575	263	176	0
77833	157618	263	176	0
77834	157709	263	176	0
77835	157780	263	176	0
77836	157856	263	176	0
77837	157944	263	176	0
77838	158043	263	176	0
77839	158104	263	176	0
77840	158219	263	176	0
77841	158281	263	176	0
77842	158348	263	176	0
77843	158413	263	176	0
77844	158498	263	176	0
77845	158573	263	176	0
77846	158635	263	176	0
77847	158713	263	176	0
77848	158810	263	176	0
77849	158876	263	176	0
77850	158947	263	176	0
77851	159069	263	176	0
77852	159146	263	176	0
77853	159219	263	176	0
77854	159313	263	176	0
77855	159435	263	176	0
77856	159510	263	176	0
77857	159606	263	176	0
77858	159707	263	176	0
77859	159763	263	176	0
77860	159866	263	176	0
77861	159915	263	176	0
77862	159976	263	176	0
77863	160049	263	176	0
77864	160193	263	176	0
77865	160269	263	176	0
77866	160378	263	176	0
77867	160452	263	176	0
77868	160540	263	176	0
77869	160640	263	176	0
77870	160720	263	176	0
77871	160781	263	176	0
77872	160871	263	176	0
77873	160939	263	176	0
77874	160998	263	176	0
77875	161091	263	176	0
77876	161153	263	176	0
77877	161245	263	176	0
77878	161380	263	176	0
77879	161534	263	176	0
77880	161639	263	176	0
77881	161703	263	176	0
77882	161775	263	176	0
77883	161903	263	176	0
77884	161994	263	176	0
77885	162074	263	176	0
77886	162205	263	176	0
77887	162305	263	176	0
77888	162405	263	176	0
77889	162467	263	176	0
77890	162540	263	176	0
77891	162637	263	176	0
77892	162700	263	176	0
77893	162765	263	176	0
77894	162817	263	176	0
77895	162908	263	176	0
77896	163002	263	176	0
77897	163069	263	176	0
77898	163133	263	176	0
77899	163211	263	176	0
77900	163270	263	176	0
77901	163338	263	176	0
77902	163439	263	176	0
77903	163532	263	176	0
77904	163640	263	176	0
77905	163705	263	176	0
77906	163773	263	176	0
77907	163835	263	176	0
77908	163906	263	176	0
77909	164005	263	176	0
77910	164082	263	176	0
77911	164145	263	176	0
77912	164212	263	176	0
77913	164289	263	176	0
77914	164363	263	176	0
77915	164447	263	176	0
77916	164535	263	176	0
77917	164632	263	176	0
77918	164744	263	176	0
77919	164828	263	176	0
77920	164873	263	176	0
77921	164939	263	176	0
77922	165011	263	176	0
77923	165134	263	176	0
77924	165248	263	176	0
77925	165334	263	176	0
77926	165437	263	176	0
77927	165531	263	176	0
77928	165598	263	176	0
77929	165649	263	176	0
77930	165715	263	176	0
77931	165799	263	176	0
77932	165875	263	176	0
77933	165995	263	176	0
77934	166060	263	176	0
77935	166105	263	176	0
77936	166187	263	176	0
77937	166269	263	176	0
77938	166365	263	176	0
77939	166468	263	176	0
77940	166543	263	176	0
77941	166634	263	176	0
77942	166703	263	176	0
77943	166796	263	176	0
77944	166862	263	176	0
77945	166970	263	176	0
77946	167133	263	176	0
77947	167227	263	176	0
77948	167347	263	176	0
77949	167467	263	176	0
77950	167542	263	176	0
77951	167636	263	176	0
77952	167711	263	176	0
77953	167836	263	176	0
77954	167932	263	176	0
77955	167997	263	176	0
77956	168100	263	176	0
77957	168272	263	176	0
77958	168369	263	176	0
77959	168462	263	176	0
77960	168574	263	176	0
77961	168667	263	176	0
77962	168732	263	176	0
77963	168796	263	176	0
77964	168859	263	176	0
77965	168951	263	176	0
77966	169052	263	176	0
77967	169138	263	176	0
77968	169227	263	176	0
77969	169304	263	176	0
77970	169407	263	176	0
77971	169494	263	176	0
77972	169558	263	176	0
77973	169637	263	176	0
77974	169726	263	176	0
77975	169790	263	176	0
77976	169869	263	176	0
77977	169962	263	176	0
77978	170068	263	176	0
77979	170164	263	176	0
77980	170219	263	176	0
77981	170342	263	176	0
77982	170400	263	176	0
77983	170493	263	176	0
77984	170635	263	176	0
77985	170729	263	176	0
77986	170800	263	176	0
77987	170860	263	176	0
77988	170932	263	176	0
77989	171101	263	176	0
77990	171174	263	176	0
77991	171263	263	176	0
77992	171359	263	176	0
77993	171435	263	176	0
77994	171524	263	176	0
77995	171573	263	176	0
77996	171660	263	176	0
77997	171729	263	176	0
77998	171846	263	176	0
77999	171931	263	176	0
78000	172035	263	176	0
78001	172125	263	176	0
78002	172241	263	176	0
78003	172306	263	176	0
78004	172387	263	176	0
78005	172493	263	176	0
78006	172580	263	176	0
78007	172658	263	176	0
78008	172766	263	176	0
78009	172861	263	176	0
78010	172928	263	176	0
78011	172990	263	176	0
78012	173123	263	176	0
78013	173191	263	176	0
78014	173272	263	176	0
78015	173389	263	176	0
78016	173452	263	176	0
78017	173530	263	176	0
78018	173625	263	176	0
78019	173693	263	176	0
78020	173791	263	176	0
78021	173929	263	176	0
78022	174065	263	176	0
78023	174167	263	176	0
78024	174271	263	176	0
78025	174338	263	176	0
78026	174423	263	176	0
78027	174494	263	176	0
78028	174555	263	176	0
78029	174623	263	176	0
78030	174684	263	176	0
78031	174730	263	176	0
78032	174797	263	176	0
78033	174854	263	176	0
78034	174911	263	176	0
78035	174961	263	176	0
78036	175031	263	176	0
78037	175088	263	176	0
78038	175197	263	176	0
78039	175287	263	176	0
78040	175356	263	176	0
78041	175427	263	176	0
78042	175516	263	176	0
78043	175560	263	176	0
78044	175629	263	176	0
78045	175704	263	176	0
78046	175789	263	176	0
78047	175853	263	176	0
78048	175929	263	176	0
78049	176099	263	176	0
78050	176177	263	176	0
78051	176253	263	176	0
78052	176319	263	176	0
78053	176402	263	176	0
78054	176460	263	176	0
78055	176547	263	176	0
78056	176623	263	176	0
78057	176703	263	176	0
78058	176792	263	176	0
78059	176915	263	176	0
78060	176963	263	176	0
78061	177117	263	176	0
78062	177199	263	176	0
78063	177265	263	176	0
78064	177359	263	176	0
78065	177452	263	176	0
78066	177544	263	176	0
78067	177658	263	176	0
78068	177790	263	176	0
78069	177949	263	176	0
78070	178058	263	176	0
78071	178152	263	176	0
78072	178226	263	176	0
78073	178316	263	176	0
78074	178389	263	176	0
78075	178488	263	176	0
78076	178574	263	176	0
78077	178655	263	176	0
78078	178725	263	176	0
78079	178820	263	176	0
78080	178922	263	176	0
78081	178988	263	176	0
78082	179086	263	176	0
78083	179158	263	176	0
78084	179212	263	176	0
78085	179258	263	176	0
78086	179320	263	176	0
78087	179397	263	176	0
78088	179484	263	176	0
78089	179548	263	176	0
78090	179612	263	176	0
78091	179692	263	176	0
78092	179787	263	176	0
78093	179851	263	176	0
78094	179924	263	176	0
78095	180012	263	176	0
78096	180091	263	176	0
78097	180221	263	176	0
78098	180305	263	176	0
78099	180387	263	176	0
78100	180488	263	176	0
78101	180550	263	176	0
78102	180623	263	176	0
78103	180724	263	176	0
78104	180821	263	176	0
78105	180887	263	176	0
78106	180979	263	176	0
78107	181058	263	176	0
78108	181149	263	176	0
78109	181244	263	176	0
78110	181323	263	176	0
78111	181416	263	176	0
78112	181502	263	176	0
78113	181577	263	176	0
78114	181677	263	176	0
78115	181750	263	176	0
78116	181848	263	176	0
78117	181947	263	176	0
78118	182015	263	176	0
78119	182070	263	176	0
78120	182150	263	176	0
78121	182248	263	176	0
78122	182324	263	176	0
78123	182414	263	176	0
78124	182510	263	176	0
78125	182582	263	176	0
78126	182658	263	176	0
78127	182718	263	176	0
78128	182855	263	176	0
78129	182987	263	176	0
78130	183089	263	176	0
78131	183183	263	176	0
78132	183274	263	176	0
78133	183340	263	176	0
78134	183384	263	176	0
78135	183458	263	176	0
78136	183549	263	176	0
78137	183645	263	176	0
78138	183718	263	176	0
78139	183816	263	176	0
78140	183924	263	176	0
78141	184039	263	176	0
78142	184110	263	176	0
78143	184203	263	176	0
78144	184310	263	176	0
78145	184379	263	176	0
78146	184479	263	176	0
78147	184550	263	176	0
78148	184604	263	176	0
78149	184689	263	176	0
78150	184781	263	176	0
78151	184844	263	176	0
78152	184911	263	176	0
78153	185024	263	176	0
78154	185150	263	176	0
78155	185224	263	176	0
78156	185309	263	176	0
78157	185376	263	176	0
78158	185483	263	176	0
78159	185579	263	176	0
78160	185646	263	176	0
78161	185739	263	176	0
78162	185853	263	176	0
78163	185924	263	176	0
78164	186004	263	176	0
78165	186077	263	176	0
78166	186153	263	176	0
78167	186238	263	176	0
78168	186318	263	176	0
78169	186404	263	176	0
78170	186548	263	176	0
78171	186636	263	176	0
78172	186681	263	176	0
78173	186774	263	176	0
78174	186845	263	176	0
78175	186913	263	176	0
78176	187005	263	176	0
78177	187064	263	176	0
78178	187144	264	176	0
78179	187204	263	177	0
78180	187280	263	177	0
78181	187381	263	177	0
78182	187469	263	177	0
78183	187547	263	177	0
78184	187647	263	177	0
78185	187741	263	178	0
78186	187813	263	178	0
78187	187890	263	178	0
78188	187975	263	178	0
78189	188046	263	178	0
78190	188116	263	178	0
78191	188174	263	178	0
78192	188277	263	178	0
78193	188379	263	178	0
78194	188477	263	178	0
78195	188540	263	178	0
78196	188610	263	178	0
78197	188749	263	178	0
78198	188839	263	179	0
78199	188918	263	179	0
78200	189004	263	178	0
78201	189101	263	178	0
78202	189209	263	179	0
78203	189278	263	179	0
78204	189380	264	179	0
78205	189469	264	179	0
78206	189520	264	179	0
78207	189613	264	179	0
78208	189710	264	179	0
78209	189807	264	179	0
78210	189907	264	180	0
78211	189977	264	180	0
78212	190107	264	180	0
78213	190179	264	180	0
78214	190271	264	180	0
78215	190350	264	180	0
78216	190439	264	180	0
78217	190504	264	179	0
78218	190576	264	180	0
78219	190702	265	180	0
78220	190806	265	181	0
78221	190905	265	181	0
78222	190973	265	181	0
78223	191075	265	181	0
78224	191164	265	181	0
78225	191212	265	181	0
78226	191306	265	181	0
78227	191378	265	181	0
78228	191502	265	181	0
78229	191643	265	181	0
78230	191732	265	181	0
78231	191777	265	181	0
78232	191848	265	181	0
78233	191911	265	181	0
78234	191997	265	181	0
78235	192069	265	181	0
78236	192138	265	181	0
78237	192210	265	181	0
78238	192341	265	181	0
78239	192443	265	181	0
78240	192543	265	181	0
78241	192626	265	181	0
78242	192749	265	181	0
78243	192909	265	181	0
78244	193009	265	181	0
78245	193074	265	181	0
78246	193165	265	181	0
78247	193271	265	181	0
78248	193341	265	181	0
78249	193412	265	181	0
78250	193501	265	181	0
78251	193565	265	181	0
78252	193629	265	181	0
78253	193703	265	181	0
78254	193767	265	181	0
78255	193848	265	181	0
78256	193931	265	181	0
78257	194032	265	181	0
78258	194070	265	181	0
78259	194139	265	181	0
78260	194214	265	181	0
78261	194301	265	181	0
78262	194364	265	181	0
78263	194427	265	181	0
78264	194483	265	181	0
78265	194545	265	181	0
78266	194642	265	181	0
78267	194739	265	181	0
78268	194816	265	181	0
78269	194966	265	181	0
78270	195034	265	181	0
78271	195099	265	181	0
78272	195167	265	181	0
78273	195260	265	181	0
78274	195341	265	181	0
78275	195434	265	181	0
78276	195530	265	181	0
78277	195583	265	181	0
78278	195742	265	181	0
78279	195840	265	181	0
78280	195932	265	181	0
78281	196010	265	181	0
78282	196097	265	181	0
78283	196173	265	181	0
78284	196267	265	181	0
78285	196382	265	181	0
78286	196468	265	181	0
78287	196608	265	181	0
78288	196705	265	181	0
78289	196801	265	181	0
78290	196895	265	181	0
78291	197005	265	181	0
78292	197105	265	181	0
78293	197194	265	181	0
78294	197326	265	181	0
78295	197441	265	181	0
78296	197541	265	181	0
78297	197666	265	181	0
78298	197757	265	181	0
78299	197919	265	181	0
78300	197974	265	181	0
78301	198043	265	181	0
78302	198144	265	181	0
78303	198262	265	181	0
78304	198330	265	181	0
78305	198395	265	181	0
78306	198491	265	181	0
78307	198575	265	181	0
78308	198640	265	181	0
78309	198729	265	181	0
78310	198795	265	181	0
78311	198927	265	181	0
78312	199039	265	181	0
78313	199102	265	181	0
78314	199196	265	181	0
78315	199299	265	181	0
78316	199381	265	181	0
78317	199471	265	181	0
78318	199568	265	181	0
78319	199636	265	181	0
78320	199705	265	181	0
78321	199766	265	181	0
78322	199840	265	181	0
78323	199897	265	181	0
78324	199971	265	181	0
78325	200069	265	181	0
78326	200158	265	181	0
78327	200222	265	181	0
78328	200295	265	181	0
78329	200392	265	181	0
78330	200433	265	181	0
78331	200590	265	181	0
78332	200664	265	181	0
78333	200760	265	181	0
78334	200839	265	181	0
78335	200922	265	181	0
78336	201028	265	181	0
78337	201105	265	181	0
78338	201193	265	181	0
78339	201290	265	181	0
78340	201358	265	181	0
78341	201456	265	181	0
78342	201519	265	181	0
78343	201637	265	181	0
78344	201703	265	181	0
78345	201798	265	181	0
78346	201886	265	181	0
78347	201966	265	181	0
78348	202027	265	181	0
78349	202131	265	181	0
78350	202217	265	181	0
78351	202282	265	181	0
78352	202338	265	181	0
78353	202422	265	181	0
78354	202494	265	181	0
78355	202590	265	181	0
78356	202684	265	181	0
78357	202734	265	181	0
78358	202817	265	181	0
78359	202866	265	181	0
78360	202959	265	181	0
78361	203028	265	181	0
78362	203103	265	181	0
78363	203164	265	181	0
78364	203232	265	181	0
78365	203324	265	181	0
78366	203397	265	181	0
78367	203454	265	181	0
78368	203559	265	181	0
78369	203660	265	181	0
78370	203767	265	181	0
78371	203855	265	181	0
78372	203936	265	181	0
78373	204096	265	181	0
78374	204161	265	181	0
78375	204254	265	181	0
78376	204368	265	181	0
78377	204457	265	181	0
78378	204534	265	181	0
78379	204605	265	181	0
78380	204685	265	181	0
78381	204762	265	181	0
78382	204854	265	181	0
78383	204929	265	181	0
78384	204989	265	181	0
78385	205077	265	181	0
78386	205147	265	181	0
78387	205286	265	181	0
78388	205389	265	181	0
78389	205454	265	181	0
78390	205519	265	181	0
78391	205591	265	181	0
78392	205657	265	181	0
78393	205759	265	181	0
78394	205852	265	181	0
78395	205919	265	181	0
78396	205980	265	181	0
78397	206020	265	181	0
78398	206088	265	181	0
78399	206150	265	181	0
78400	206285	265	181	0
78401	206389	265	181	0
78402	206490	265	181	0
78403	206561	265	181	0
78404	206663	265	181	0
78405	206783	265	181	0
78406	206832	265	181	0
78407	206922	265	181	0
78408	206983	265	181	0
78409	207052	265	181	0
78410	207148	265	181	0
78411	207221	265	181	0
78412	207292	265	181	0
78413	207359	265	181	0
78414	207452	265	181	0
78415	207580	265	181	0
78416	207661	265	181	0
78417	207755	265	181	0
78418	207825	265	181	0
78419	207923	265	181	0
78420	207998	265	181	0
78421	208160	265	181	0
78422	208253	265	181	0
78423	208325	265	181	0
78424	208412	265	181	0
78425	208523	265	181	0
78426	208620	265	181	0
78427	208718	265	181	0
78428	208847	265	181	0
78429	208920	265	181	0
78430	208981	265	181	0
78431	209019	265	181	0
78432	209083	265	181	0
78433	209149	265	181	0
78434	209248	265	181	0
78435	209382	265	181	0
78436	209462	265	181	0
78437	209580	265	181	0
78438	209645	265	181	0
78439	209717	265	181	0
78440	209791	265	181	0
78441	209886	265	181	0
78442	209957	265	181	0
78443	210044	265	181	0
78444	210110	265	181	0
78445	210193	265	181	0
78446	210285	265	181	0
78447	210351	265	181	0
78448	210472	265	181	0
78449	210556	265	181	0
78450	210682	265	181	0
78451	210750	265	181	0
78452	210830	265	181	0
78453	210915	265	181	0
78454	210975	265	181	0
78455	211013	265	181	0
78456	211116	265	181	0
78457	211181	265	181	0
78458	211255	265	181	0
78459	211313	265	181	0
78460	211393	265	181	0
78461	211456	265	181	0
78462	211533	265	181	0
78463	211644	265	181	0
78464	211709	265	181	0
78465	211767	265	181	0
78466	211906	265	181	0
78467	211980	265	181	0
78468	212043	265	181	0
78469	212087	265	181	0
78470	212151	265	181	0
78471	212218	265	181	0
78472	212323	265	181	0
78473	212405	265	181	0
78474	212449	265	181	0
78475	212576	265	181	0
78476	212681	265	181	0
78477	212756	265	181	0
78478	212845	265	181	0
78479	212939	265	181	0
78480	213022	265	181	0
78481	213142	265	181	0
78482	213282	265	181	0
78483	213371	265	181	0
78484	213448	265	181	0
78485	213518	265	181	0
78486	213590	265	181	0
78487	213676	265	181	0
78488	213740	265	181	0
78489	213816	265	181	0
78490	213875	265	181	0
78491	213942	265	181	0
78492	214043	265	181	0
78493	214144	265	181	0
78494	214207	265	181	0
78495	214249	265	181	0
78496	214389	265	181	0
78497	214483	265	181	0
78498	214541	265	181	0
78499	214615	265	181	0
78500	214709	265	181	0
78501	214774	265	181	0
78502	214854	265	181	0
78503	214940	265	181	0
78504	215054	265	181	0
78505	215120	265	181	0
78506	215220	265	181	0
78507	215309	265	181	0
78508	215369	265	181	0
78509	215490	265	181	0
78510	215610	265	181	0
78511	215676	265	181	0
78512	215771	265	181	0
78513	215872	265	181	0
78514	215947	265	181	0
78515	216003	265	181	0
78516	216049	265	181	0
78517	216139	265	181	0
78518	216222	265	181	0
78519	216352	265	181	0
78520	216450	265	181	0
78521	216509	265	181	0
78522	216603	265	181	0
78523	216669	265	181	0
78524	216708	265	181	0
78525	216780	265	181	0
78526	216876	265	181	0
78527	216940	265	181	0
78528	217035	265	181	0
78529	217122	265	181	0
78530	217199	265	181	0
78531	217273	265	181	0
78532	217349	265	181	0
78533	217437	265	181	0
78534	217507	265	181	0
78535	217611	265	181	0
78536	217708	265	181	0
78537	217810	265	181	0
78538	217908	265	181	0
78539	217986	265	181	0
78540	218110	265	181	0
78541	218193	265	181	0
78542	218269	265	181	0
78543	218332	265	181	0
78544	218409	265	181	0
78545	218484	265	181	0
78546	218575	265	181	0
78547	218703	265	181	0
78548	218807	265	181	0
78549	218907	265	181	0
78550	218972	265	181	0
78551	219037	265	181	0
78552	219133	265	181	0
78553	219217	265	181	0
78554	219341	265	181	0
78555	219409	265	181	0
78556	219502	265	181	0
78557	219608	265	181	0
78558	219672	265	181	0
78559	219755	265	181	0
78560	219840	265	181	0
78561	219912	265	181	0
78562	220040	265	181	0
78563	220106	265	181	0
78564	220173	265	181	0
78565	220243	265	181	0
78566	220366	265	181	0
78567	220428	265	181	0
78568	220507	265	181	0
78569	220605	265	181	0
78570	220700	265	181	0
78571	220775	265	181	0
78572	220847	265	181	0
78573	220939	265	181	0
78574	221036	266	182	0
78575	221118	266	182	0
78576	221197	266	182	0
78577	221276	266	182	0
78578	221369	266	182	0
78579	221435	266	182	0
78580	221510	265	181	0
78581	221616	265	181	0
78582	221705	265	181	0
78583	221805	265	181	0
78584	221937	265	181	0
78585	222070	265	181	0
78586	222134	265	181	0
78587	222232	265	181	0
78588	222334	265	181	0
78589	222462	265	181	0
78590	222570	265	181	0
78591	222704	265	181	0
78592	222781	265	181	0
78593	222834	265	181	0
78594	222938	265	181	0
78595	223034	265	181	0
78596	223110	265	181	0
78597	223234	265	181	0
78598	223308	265	181	0
78599	223371	265	181	0
78600	223472	265	181	0
78601	223569	265	181	0
78602	223651	265	181	0
78603	223734	265	181	0
78604	223849	265	181	0
78605	223933	265	181	0
78606	223998	265	181	0
78607	224101	265	181	0
78608	224166	265	181	0
78609	224230	265	181	0
78610	224310	265	181	0
78611	224374	265	181	0
78612	224492	265	181	0
78613	224579	265	181	0
78614	224661	265	181	0
78615	224710	265	181	0
78616	224795	265	181	0
78617	224867	265	181	0
78618	224968	265	181	0
78619	225065	265	181	0
78620	225144	265	181	0
78621	225270	265	181	0
78622	225343	265	181	0
78623	225434	265	181	0
78624	225507	265	181	0
78625	225574	266	182	0
78626	225667	266	182	0
78627	225804	266	182	0
78628	225932	266	182	0
78629	226004	266	182	0
78630	226155	266	182	0
78631	226208	266	182	0
78632	226300	266	182	0
78633	226405	266	182	0
78634	226499	266	182	0
78635	226596	266	182	0
78636	226667	266	182	0
78637	226774	266	182	0
78638	226932	266	182	0
78639	227054	266	182	0
78640	227134	266	182	0
78641	227219	266	182	0
78642	227297	266	182	0
78643	227391	266	182	0
78644	227470	266	182	0
78645	227563	266	182	0
78646	227634	266	182	0
78647	227696	266	182	0
78648	227788	266	182	0
78649	227940	266	182	0
78650	228029	266	182	0
78651	228152	266	182	0
78652	228199	266	182	0
78653	228265	266	182	0
78654	228366	266	182	0
78655	228432	266	182	0
78656	228492	266	182	0
78657	228556	266	182	0
78658	228667	266	182	0
78659	228760	266	182	0
78660	228840	266	182	0
78661	228926	266	182	0
78662	229036	266	182	0
78663	229132	266	182	0
78664	229228	266	182	0
78665	229296	266	182	0
78666	229416	266	182	0
78667	229497	266	182	0
78668	229590	266	182	0
78669	229661	266	182	0
78670	229759	266	182	0
78671	229824	266	182	0
78672	229892	266	182	0
78673	229964	266	182	0
78674	230061	266	182	0
78675	230124	266	182	0
78676	230224	266	182	0
78677	230298	266	182	0
78678	230392	266	182	0
78679	230469	266	182	0
78680	230591	266	182	0
78681	230695	266	182	0
78682	230761	266	182	0
78683	230828	266	182	0
78684	230891	266	182	0
78685	230963	266	182	0
78686	231049	266	182	0
78687	231117	266	182	0
78688	231193	266	182	0
78689	231260	266	182	0
78690	231322	266	182	0
78691	231423	266	182	0
78692	231530	266	182	0
78693	231633	266	182	0
78694	231721	266	182	0
78695	231825	266	182	0
78696	231912	266	182	0
78697	231992	266	182	0
78698	232079	266	182	0
78699	232131	266	182	0
78700	232223	266	182	0
78701	232326	266	182	0
78702	232427	266	182	0
78703	232555	266	182	0
78704	232623	266	182	0
78705	232688	266	182	0
78706	232768	266	182	0
78707	232858	266	182	0
78708	232920	266	182	0
78709	232983	266	182	0
78710	233051	266	182	0
78711	233117	266	182	0
78712	233191	266	182	0
78713	233268	266	182	0
78714	233356	266	182	0
78715	233427	266	182	0
78716	233493	266	182	0
78717	233568	266	182	0
78718	233626	266	182	0
78719	233687	266	182	0
78720	233758	266	182	0
78721	233817	266	182	0
78722	233883	266	182	0
78723	233948	266	182	0
78724	234023	266	182	0
78725	234088	266	182	0
78726	234154	266	182	0
78727	234222	266	182	0
78728	234291	266	182	0
78729	234356	266	182	0
78730	234455	266	182	0
78731	234515	266	182	0
78732	234579	266	182	0
78733	234654	266	182	0
78734	234729	266	182	0
78735	234782	266	182	0
78736	234852	266	182	0
78737	234926	266	182	0
78738	235020	266	182	0
78739	235116	266	182	0
78740	235186	266	182	0
78741	235255	266	182	0
78742	235310	266	182	0
78743	235375	266	182	0
78744	235442	266	182	0
78745	235498	266	182	0
78746	235557	266	182	0
78747	235613	266	182	0
78748	235676	266	182	0
78749	235753	266	182	0
78750	235826	266	182	0
78751	235884	266	182	0
78752	235982	266	182	0
78753	236052	266	182	0
78754	236112	266	182	0
78755	236183	266	182	0
78756	236244	266	182	0
78757	236286	266	182	0
78758	236345	266	182	0
78759	236414	266	182	0
78760	236478	266	182	0
78761	236553	266	182	0
78762	236628	265	181	0
78763	236683	265	181	0
78764	236749	265	181	0
78765	236816	265	181	0
78766	236889	265	181	0
78767	236982	265	181	0
78768	237054	265	181	0
78769	237123	265	181	0
78770	237185	265	181	0
78771	237243	265	181	0
78772	237318	265	181	0
78773	237414	265	181	0
78774	237453	265	181	0
78775	237549	265	181	0
78776	237615	265	181	0
78777	237681	265	181	0
78778	237761	265	181	0
78779	237816	265	181	0
78780	237883	265	181	0
78781	237941	265	181	0
78782	238014	265	181	0
78783	238115	265	181	0
78784	238193	265	181	0
78785	238251	265	181	0
78786	238321	265	181	0
78787	238376	265	181	0
78788	238440	265	181	0
78789	238496	265	181	0
78790	238555	265	181	0
78791	238622	266	182	0
78792	238689	266	182	0
78793	238747	266	182	0
78794	238823	266	182	0
78795	238929	266	182	0
78796	238993	266	182	0
78797	239049	266	182	0
78798	239126	266	182	0
78799	239221	266	182	0
78800	239315	266	182	0
78801	239355	266	182	0
78802	239420	266	182	0
78803	239485	266	182	0
78804	239547	266	182	0
78805	239616	266	182	0
78806	239710	266	182	0
78807	239787	266	182	0
78808	239870	266	182	0
78809	239946	266	182	0
78810	240015	266	182	0
78811	240100	266	182	0
78812	240143	266	182	0
78813	240212	266	182	0
78814	240251	266	182	0
78815	240336	266	182	0
78816	240396	266	182	0
78817	240467	266	182	0
78818	240517	266	182	0
78819	240586	266	182	0
78820	240653	266	182	0
78821	240721	266	182	0
78822	240805	266	182	0
78823	240877	266	182	0
78824	240940	266	182	0
78825	241016	266	182	0
78826	241079	266	182	0
78827	241151	266	182	0
78828	241230	266	182	0
78829	241285	266	182	0
78830	241372	266	182	0
78831	241435	266	182	0
78832	241508	266	182	0
78833	241583	266	182	0
78834	241645	266	182	0
78835	241715	266	182	0
78836	241792	266	182	0
78837	241846	266	182	0
78838	241911	266	182	0
78839	241978	266	182	0
78840	242043	266	182	0
78841	242108	266	182	0
78842	242178	266	182	0
78843	242245	266	182	0
78844	242288	266	182	0
78845	242358	266	182	0
78846	242411	266	182	0
78847	242478	266	182	0
78848	242544	266	182	0
78849	242607	266	182	0
78850	242654	266	182	0
78851	242745	266	182	0
78852	242802	266	182	0
78853	242856	266	182	0
78854	242950	266	182	0
78855	243016	266	182	0
78856	243073	266	182	0
78857	243146	266	182	0
78858	243209	266	182	0
78859	243281	266	182	0
78860	243339	266	182	0
78861	243409	266	182	0
78862	243482	266	182	0
78863	243576	266	182	0
78864	243649	266	182	0
78865	243714	266	182	0
78866	243809	266	182	0
78867	243866	266	182	0
78868	243941	266	182	0
78869	243985	266	182	0
78870	244053	266	182	0
78871	244139	266	182	0
78872	244206	266	182	0
78873	244273	266	182	0
78874	244318	266	182	0
78875	244382	266	182	0
78876	244469	266	182	0
78877	244539	266	182	0
78878	244607	266	182	0
78879	244672	266	182	0
78880	244731	266	182	0
78881	244790	266	182	0
78882	244845	266	182	0
78883	244909	266	182	0
78884	244981	266	182	0
78885	245055	266	182	0
78886	245120	266	182	0
78887	245201	266	182	0
78888	245281	266	182	0
78889	245363	266	182	0
78890	245439	266	182	0
78891	245510	266	182	0
78892	245579	266	182	0
78893	245638	266	182	0
78894	245705	266	182	0
78895	245773	266	182	0
78896	245843	266	182	0
78897	245912	266	182	0
78898	245979	266	182	0
78899	246075	266	182	0
78900	246138	266	182	0
78901	246204	266	182	0
78902	246275	266	182	0
78903	246348	266	182	0
78904	246401	266	182	0
78905	246472	266	182	0
78906	246541	266	182	0
78907	246606	266	182	0
78908	246701	266	182	0
78909	246767	266	182	0
78910	246845	266	182	0
78911	246900	266	182	0
78912	246952	266	182	0
78913	247025	266	182	0
78914	247103	266	182	0
78915	247176	266	182	0
78916	247242	266	182	0
78917	247330	266	182	0
78918	247387	266	182	0
78919	247469	266	182	0
78920	247564	266	182	0
78921	247642	266	182	0
78922	247704	266	182	0
78923	247780	266	182	0
78924	247837	266	182	0
78925	247931	266	182	0
78926	247989	266	182	0
78927	248046	266	182	0
78928	248102	266	182	0
78929	248167	266	182	0
78930	248235	266	182	0
78931	248335	266	182	0
78932	248404	266	182	0
78933	248470	266	182	0
78934	248541	266	182	0
78935	248599	266	182	0
78936	248665	266	182	0
78937	248726	266	182	0
78938	248795	266	182	0
78939	248856	266	182	0
78940	248912	266	182	0
78941	248977	266	182	0
78942	249064	266	182	0
78943	249131	266	182	0
78944	249196	266	182	0
78945	249242	266	182	0
78946	249315	266	182	0
78947	249372	266	182	0
78948	249437	266	182	0
78949	249503	266	182	0
78950	249597	266	182	0
78951	249653	266	182	0
78952	249734	266	182	0
78953	249802	266	182	0
78954	249871	266	182	0
78955	249963	266	182	0
78956	250042	266	182	0
78957	250102	266	182	0
78958	250163	266	182	0
78959	250226	266	182	0
78960	250288	266	182	0
78961	250357	266	182	0
78962	250428	266	182	0
78963	250495	266	182	0
78964	250568	266	182	0
78965	250631	266	182	0
78966	250707	266	182	0
78967	250763	266	182	0
78968	250825	266	182	0
78969	250885	266	182	0
78970	250967	266	182	0
78971	251026	266	182	0
78972	251069	266	182	0
78973	251136	266	182	0
78974	251230	266	182	0
78975	251303	266	182	0
78976	251367	266	182	0
78977	251433	266	182	0
78978	251490	266	182	0
78979	251551	266	182	0
78980	251618	266	182	0
78981	251675	266	182	0
78982	251740	266	182	0
78983	251806	266	182	0
78984	251867	266	182	0
78985	251953	266	182	0
78986	252013	266	182	0
78987	252085	266	182	0
78988	252142	266	182	0
78989	252210	266	182	0
78990	252299	266	182	0
78991	252373	266	182	0
78992	252463	266	182	0
78993	252533	266	182	0
78994	252599	266	182	0
78995	252668	266	182	0
78996	252726	266	182	0
78997	252766	266	182	0
78998	252825	266	182	0
78999	252892	266	181	0
79000	252946	266	182	0
79001	253030	266	182	0
79002	253100	266	182	0
79003	253160	267	183	0
79004	253230	267	182	0
79005	253294	267	182	0
79006	253366	268	183	0
79007	253464	268	183	0
79008	253527	268	183	0
79009	253600	268	183	0
79010	253661	268	183	0
79011	253728	268	183	0
79012	253809	268	183	0
79013	253906	268	183	0
79014	253976	268	183	0
79015	254039	268	183	0
79016	254102	268	183	0
79017	254183	268	183	0
79018	254258	268	183	0
79019	254334	268	183	0
79020	254396	268	183	0
79021	254455	268	183	0
79022	254525	268	183	0
79023	254581	268	183	0
79024	254667	268	183	0
79025	254730	268	183	0
79026	254798	268	183	0
79027	254861	268	183	0
79028	254957	268	183	0
79029	255015	268	183	0
79030	255084	268	183	0
79031	255155	268	183	0
79032	255202	268	183	0
79033	255298	268	183	0
79034	255391	268	183	0
79035	255458	268	183	0
79036	255525	268	183	0
79037	255596	268	183	0
79038	255660	268	183	0
79039	255754	268	183	0
79040	255816	268	183	0
79041	255878	268	183	0
79042	255967	268	183	0
79043	256029	268	183	0
79044	256095	268	183	0
79045	256190	268	183	0
79046	256236	268	183	0
79047	256299	268	183	0
79048	256364	268	183	0
79049	256426	268	183	0
79050	256494	268	183	0
79051	256585	268	183	0
79052	256640	268	183	0
79053	256699	268	183	0
79054	256756	268	183	0
79055	256797	268	183	0
79056	256892	268	183	0
79057	256961	268	183	0
79058	257025	268	183	0
79059	257100	268	183	0
79060	257192	268	183	0
79061	257260	268	183	0
79062	257322	268	183	0
79063	257386	268	183	0
79064	257434	268	183	0
79065	257502	268	183	0
79066	257558	268	183	0
79067	257626	268	183	0
79068	257691	268	183	0
79069	257764	268	183	0
79070	257860	268	183	0
79071	257925	268	183	0
79072	257989	268	183	0
79073	258047	268	183	0
79074	258104	268	183	0
79075	258166	268	183	0
79076	258242	268	183	0
79077	258301	268	183	0
79078	258366	268	183	0
79079	258435	268	183	0
79080	258493	268	183	0
79081	258552	268	183	0
79082	258607	268	183	0
79083	258678	268	183	0
79084	258736	268	183	0
79085	258794	268	183	0
79086	258857	268	183	0
79087	258952	268	183	0
79088	259020	268	183	0
79089	259094	268	183	0
79090	259159	268	183	0
79091	259221	268	183	0
79092	259270	268	183	0
79093	259390	268	183	0
79094	259480	268	183	0
79095	259529	268	183	0
79096	259592	268	183	0
79097	259654	268	183	0
79098	259714	268	183	0
79099	259771	268	183	0
79100	259886	268	183	0
79101	260068	268	183	0
79102	260197	268	183	0
79103	260279	268	183	0
79104	260316	268	183	0
79105	260363	268	183	0
79106	260430	268	183	0
79107	260485	268	183	0
79108	260541	268	183	0
79109	260597	268	183	0
79110	260659	268	183	0
79111	260725	268	183	0
79112	260787	268	183	0
79113	260858	268	183	0
79114	260911	269	183	0
79115	260991	269	183	0
79116	261044	269	183	0
79117	261086	269	183	0
79118	261147	269	183	0
79119	261206	269	183	0
79120	261259	269	183	0
79121	261322	269	183	0
79122	261390	269	183	0
79123	261457	269	183	0
79124	261533	269	183	0
79125	261585	269	183	0
79126	261625	269	183	0
79127	261659	269	183	0
79128	261765	269	183	0
79129	261821	269	183	0
79130	261949	269	183	0
79131	262000	269	183	0
79132	262057	268	183	0
79133	262120	268	183	0
79134	262186	268	183	0
79135	262223	268	183	0
79136	262279	268	183	0
79137	262323	268	183	0
79138	262395	268	183	0
79139	262458	268	183	0
79140	262524	268	183	0
79141	262591	268	183	0
79142	262660	268	183	0
79143	262718	268	183	0
79144	262769	268	183	0
79145	262817	268	183	0
79146	262887	268	183	0
79147	262950	268	183	0
79148	263062	268	183	0
79149	263255	268	183	0
79150	263363	268	183	0
79151	263486	268	183	0
79152	263549	268	183	0
79153	263616	268	183	0
79154	263658	268	183	0
79155	263727	268	183	0
79156	263785	268	183	0
79157	263853	268	183	0
79158	263923	269	183	0
79159	263992	269	183	0
79160	264053	268	183	0
79161	264117	268	183	0
79162	264186	268	183	0
79163	264253	268	183	0
79164	264317	268	183	0
79165	264389	268	183	0
79166	264449	268	183	0
79167	264491	268	183	0
79168	264561	268	183	0
79169	264620	268	183	0
79170	264685	268	183	0
79171	264757	269	184	0
79172	264831	269	184	0
79173	264893	269	184	0
79174	264955	269	184	0
79175	265017	269	183	0
79176	265087	268	183	0
79177	265148	268	183	0
79178	265213	268	183	0
79179	265288	268	183	0
79180	265354	268	183	0
79181	265423	268	183	0
79182	265496	268	183	0
79183	265550	268	183	0
79184	265604	268	183	0
79185	265667	268	183	0
79186	265718	268	183	0
79187	265784	268	183	0
79188	265850	268	183	0
79189	265913	268	183	0
79190	265980	268	183	0
79191	266041	268	183	0
79192	266096	268	183	0
79193	266158	268	183	0
79194	266232	268	183	0
79195	266294	269	184	0
79196	266361	269	184	0
79197	266421	269	184	0
79198	266487	269	184	0
79199	266553	269	183	0
79200	266622	269	184	0
79201	266676	269	184	0
79202	266750	269	184	0
79203	266813	269	184	0
79204	266874	269	184	0
79205	266939	269	183	0
79206	266984	268	183	0
79207	267052	268	183	0
79208	267106	268	183	0
79209	267171	268	183	0
79210	267244	268	183	0
79211	267308	268	183	0
79212	267353	268	183	0
79213	267425	268	183	0
79214	267493	268	183	0
79215	267559	268	183	0
79216	267622	268	183	0
79217	267679	269	184	0
79218	267739	269	184	0
79219	267805	269	184	0
79220	267848	269	184	0
79221	267918	269	184	0
79222	267984	269	184	0
79223	268044	269	184	0
79224	268102	269	184	0
79225	268143	269	184	0
79226	268214	269	184	0
79227	268280	269	184	0
79228	268348	269	184	0
79229	268415	269	184	0
79230	268476	269	184	0
79231	268541	269	183	0
79232	268586	268	183	0
79233	268648	268	183	0
79234	268709	268	183	0
79235	268768	268	183	0
79236	268836	268	183	0
79237	268907	268	183	0
79238	268970	268	183	0
79239	269015	268	183	0
79240	269083	268	183	0
79241	269148	268	183	0
79242	269215	268	183	0
79243	269273	268	183	0
79244	269338	268	183	0
79245	269403	268	183	0
79246	269447	268	183	0
79247	269511	268	183	0
79248	269568	268	183	0
79249	269645	269	184	0
79250	269712	269	184	0
79251	269783	269	184	0
79252	269849	269	184	0
79253	269917	269	184	0
79254	269984	269	184	0
79255	270050	269	184	0
79256	270110	269	184	0
79257	270163	269	183	0
79258	270226	268	183	0
79259	270292	268	183	0
79260	270368	268	183	0
79261	270423	268	183	0
79262	270491	268	183	0
79263	270562	268	183	0
79264	270606	268	183	0
79265	270654	268	183	0
79266	270711	269	184	0
79267	270778	269	184	0
79268	270846	269	184	0
79269	270916	269	184	0
79270	270973	269	184	0
79271	271025	269	184	0
79272	271079	269	184	0
79273	271132	269	184	0
79274	271188	269	184	0
79275	271246	269	184	0
79276	271310	269	184	0
79277	271365	269	184	0
79278	271420	269	184	0
79279	271481	269	184	0
79280	271543	269	184	0
79281	271610	269	184	0
79282	271676	269	184	0
79283	271738	269	184	0
79284	271804	269	184	0
79285	271847	269	184	0
79286	271917	269	184	0
79287	271988	269	184	0
79288	272053	269	184	0
79289	272109	269	184	0
79290	272163	269	184	0
79291	272217	269	184	0
79292	272278	269	183	0
79293	272326	269	184	0
79294	272398	269	184	0
79295	272446	269	184	0
79296	272512	269	184	0
79297	272570	269	184	0
79298	272631	269	184	0
79299	272688	269	184	0
79300	272746	269	184	0
79301	272806	269	184	0
79302	272875	269	184	0
79303	272940	269	184	0
79304	273009	269	184	0
79305	273078	269	184	0
79306	273122	269	184	0
79307	273185	269	184	0
79308	273246	269	184	0
79309	273312	269	184	0
79310	273369	269	184	0
79311	273428	269	184	0
79312	273469	269	184	0
79313	273519	269	184	0
79314	273586	269	184	0
79315	273661	269	184	0
79316	273733	269	184	0
79317	273805	269	184	0
79318	273873	269	184	0
79319	273927	269	184	0
79320	273998	269	184	0
79321	274069	269	184	0
79322	274120	269	184	0
79323	274194	269	184	0
79324	274251	269	184	0
79325	274321	269	184	0
79326	274383	269	184	0
79327	274448	269	184	0
79328	274514	269	184	0
79329	274594	269	184	0
79330	274640	269	184	0
79331	274696	269	184	0
79332	274738	269	184	0
79333	274807	269	184	0
79334	274860	269	184	0
79335	274927	269	184	0
79336	274998	269	184	0
79337	275068	269	184	0
79338	275135	269	184	0
79339	275206	269	184	0
79340	275268	269	184	0
79341	275312	269	184	0
79342	275365	269	184	0
79343	275414	269	184	0
79344	275477	269	184	0
79345	275539	269	184	0
79346	275583	269	184	0
79347	275638	269	184	0
79348	275708	269	184	0
79349	275773	269	184	0
79350	275829	269	184	0
79351	275894	269	184	0
79352	275965	269	184	0
79353	276036	269	184	0
79354	276102	269	184	0
79355	276166	269	184	0
79356	276206	269	184	0
79357	276262	269	184	0
79358	276305	269	184	0
79359	276364	269	184	0
79360	276413	269	184	0
79361	276472	269	184	0
79362	276537	269	184	0
79363	276604	269	184	0
79364	276669	269	184	0
79365	276732	269	184	0
79366	276797	269	184	0
79367	276843	269	184	0
79368	276901	269	184	0
79369	276968	269	184	0
79370	277036	269	184	0
79371	277092	269	184	0
79372	277163	269	184	0
79373	277237	269	184	0
79374	277297	269	184	0
79375	277368	269	184	0
79376	277430	269	184	0
79377	277494	269	184	0
79378	277535	269	184	0
79379	277605	269	184	0
79380	277672	269	184	0
79381	277729	269	184	0
79382	277800	269	184	0
79383	277866	269	184	0
79384	277929	269	184	0
79385	277990	269	184	0
79386	278059	269	184	0
79387	278131	269	184	0
79388	278192	269	184	0
79389	278255	269	184	0
79390	278300	269	184	0
79391	278366	269	184	0
79392	278428	269	184	0
79393	278475	269	184	0
79394	278538	269	184	0
79395	278605	269	184	0
79396	278666	269	184	0
79397	278732	269	184	0
79398	278790	269	184	0
79399	278848	269	184	0
79400	278938	269	184	0
79401	279002	269	184	0
79402	279062	269	184	0
79403	279103	269	184	0
79404	279175	269	184	0
79405	279243	269	184	0
79406	279302	269	184	0
79407	279365	269	184	0
79408	279435	269	184	0
79409	279501	269	184	0
79410	279564	269	184	0
79411	279625	269	184	0
79412	279684	269	184	0
79413	279738	269	184	0
79414	279802	269	184	0
79415	279859	269	184	0
79416	279915	269	184	0
79417	280029	269	184	0
79418	280112	269	184	0
79419	280270	269	184	0
79420	280336	269	184	0
79421	280396	269	184	0
79422	280462	269	184	0
79423	280534	269	184	0
79424	280604	269	184	0
79425	280674	269	184	0
79426	280763	269	184	0
79427	280896	269	184	0
79428	280966	269	184	0
79429	281034	269	184	0
79430	281088	269	184	0
79431	281158	269	184	0
79432	281197	269	184	0
79433	281261	269	184	0
79434	281326	269	184	0
79435	281372	269	184	0
79436	281441	269	184	0
79437	281508	269	184	0
79438	281575	269	184	0
79439	281637	269	184	0
79440	281725	269	184	0
79441	281769	269	184	0
79442	281833	269	184	0
79443	281899	269	184	0
79444	281961	269	184	0
79445	282028	269	184	0
79446	282095	269	184	0
79447	282149	269	184	0
79448	282203	269	184	0
79449	282252	269	184	0
79450	282330	269	184	0
79451	282388	269	184	0
79452	282460	269	184	0
79453	282530	269	184	0
79454	282579	269	184	0
79455	282656	269	184	0
79456	282699	269	184	0
79457	282767	269	184	0
79458	282823	269	184	0
79459	282870	269	184	0
79460	282949	269	184	0
79461	282995	269	184	0
79462	283034	269	184	0
79463	283095	269	184	0
79464	283164	269	184	0
79465	283226	269	184	0
79466	283289	269	184	0
79467	283357	269	184	0
79468	283404	269	184	0
79469	283451	269	184	0
79470	283515	269	184	0
79471	283574	269	184	0
79472	283640	269	184	0
79473	283701	269	184	0
79474	283776	269	184	0
79475	283825	269	184	0
79476	283886	269	184	0
79477	283946	269	184	0
79478	283990	269	184	0
79479	284034	269	184	0
79480	284091	269	184	0
79481	284156	269	184	0
79482	284229	269	184	0
79483	284299	269	184	0
79484	284359	269	184	0
79485	284428	269	184	0
79486	284496	269	184	0
79487	284552	269	184	0
79488	284614	269	184	0
79489	284682	269	184	0
79490	284728	269	184	0
79491	284797	269	184	0
79492	284860	269	184	0
79493	284924	269	184	0
79494	284988	269	184	0
79495	285063	269	184	0
79496	285130	269	184	0
79497	285196	269	184	0
79498	285292	269	184	0
79499	285352	269	184	0
79500	285417	269	184	0
79501	285474	269	184	0
79502	285534	269	184	0
79503	285593	269	184	0
79504	285646	269	184	0
79505	285714	269	184	0
79506	285788	269	184	0
79507	285853	269	184	0
79508	285897	269	184	0
79509	285959	269	184	0
79510	286028	269	184	0
79511	286093	269	184	0
79512	286162	269	184	0
79513	286241	269	184	0
79514	286301	269	184	0
79515	286359	269	184	0
79516	286424	269	184	0
79517	286494	269	184	0
79518	286552	269	184	0
79519	286608	269	184	0
79520	286653	269	184	0
79521	286696	269	184	0
79522	286757	269	184	0
79523	286819	269	184	0
79524	286862	269	184	0
79525	286918	269	184	0
79526	286956	269	184	0
79527	287021	269	184	0
79528	287081	269	184	0
79529	287126	269	184	0
79530	287190	269	184	0
79531	287261	269	184	0
79532	287327	269	184	0
79533	287387	269	184	0
79534	287453	269	184	0
79535	287529	269	184	0
79536	287591	269	184	0
79537	287648	269	184	0
79538	287693	269	184	0
79539	287758	269	184	0
79540	287814	269	184	0
79541	287886	269	184	0
79542	287932	269	184	0
79543	287995	269	184	0
79544	288054	269	184	0
79545	288125	269	184	0
79546	288191	269	184	0
79547	288252	269	184	0
79548	288307	269	184	0
79549	288357	269	184	0
79550	288417	269	184	0
79551	288461	269	184	0
79552	288525	269	184	0
79553	288598	269	184	0
79554	288684	269	184	0
79555	288757	269	184	0
79556	288825	269	184	0
79557	288888	269	184	0
79558	288948	269	184	0
79559	289020	269	184	0
79560	289086	269	184	0
79561	289135	269	184	0
79562	289198	269	184	0
79563	289264	269	184	0
79564	289324	269	184	0
79565	289388	269	184	0
79566	289454	269	184	0
79567	289549	269	184	0
79568	289596	269	184	0
79569	289657	269	184	0
79570	289716	269	184	0
79571	289757	269	184	0
79572	289824	269	184	0
79573	289906	269	184	0
79574	289974	269	184	0
79575	290033	269	184	0
79576	290096	269	184	0
79577	290155	269	184	0
79578	290220	269	184	0
79579	290287	269	184	0
79580	290349	269	184	0
79581	290404	269	184	0
79582	290464	269	184	0
79583	290532	269	184	0
79584	290584	269	184	0
79585	290619	269	184	0
79586	290681	269	184	0
79587	290741	269	184	0
79588	290795	269	184	0
79589	290859	269	184	0
79590	290939	269	184	0
79591	291010	269	184	0
79592	291072	269	184	0
79593	291124	269	184	0
79594	291192	269	184	0
79595	291255	269	184	0
79596	291327	269	184	0
79597	291387	269	184	0
79598	291452	269	184	0
79599	291517	269	184	0
79600	291587	269	184	0
79601	291643	269	184	0
79602	291714	269	184	0
79603	291782	269	184	0
79604	291838	269	184	0
79605	291899	269	184	0
79606	291970	269	184	0
79607	292032	269	184	0
79608	292090	269	184	0
79609	292154	269	184	0
79610	292222	269	184	0
79611	292276	269	184	0
79612	292324	269	184	0
79613	292398	269	184	0
79614	292458	269	184	0
79615	292523	269	184	0
79616	292586	269	184	0
79617	292641	269	184	0
79618	292709	269	184	0
79619	292781	269	184	0
79620	292846	269	184	0
79621	292888	269	184	0
79622	292960	269	184	0
79623	293021	269	184	0
79624	293088	269	184	0
79625	293144	269	184	0
79626	293213	269	184	0
79627	293281	269	184	0
79628	293323	269	184	0
79629	293394	269	184	0
79630	293452	269	184	0
79631	293522	269	184	0
79632	293581	269	184	0
79633	293650	269	184	0
79634	293723	269	184	0
79635	293780	269	184	0
79636	293843	269	184	0
79637	293915	269	184	0
79638	293969	269	184	0
79639	294035	269	184	0
79640	294102	269	184	0
79641	294163	269	184	0
79642	294224	269	184	0
79643	294294	269	184	0
79644	294349	269	184	0
79645	294411	269	184	0
79646	294476	269	184	0
79647	294523	269	184	0
79648	294588	269	184	0
79649	294650	269	184	0
79650	294710	269	184	0
79651	294780	269	184	0
79652	294840	269	184	0
79653	294910	269	184	0
79654	294956	269	184	0
79655	295023	269	184	0
79656	295083	269	184	0
79657	295126	269	184	0
79658	295203	269	184	0
79659	295278	269	184	0
79660	295330	269	184	0
79661	295391	269	184	0
79662	295456	269	184	0
79663	295514	269	184	0
79664	295580	269	184	0
79665	295633	269	184	0
79666	295702	269	184	0
79667	295752	269	184	0
79668	295816	269	184	0
79669	295880	269	184	0
79670	295940	269	184	0
79671	296011	269	184	0
79672	296072	269	184	0
79673	296129	269	184	0
79674	296196	269	184	0
79675	296255	269	184	0
79676	296319	269	184	0
79677	296392	269	184	0
79678	296445	269	184	0
79679	296509	269	184	0
79680	296582	269	184	0
79681	296649	269	184	0
79682	296714	269	184	0
79683	296772	269	184	0
79684	296843	269	184	0
79685	296904	269	184	0
79686	296961	269	184	0
79687	297022	269	184	0
79688	297082	269	184	0
79689	297134	269	184	0
79690	297202	269	184	0
79691	297270	269	184	0
79692	297310	269	184	0
79693	297372	269	184	0
79694	297445	269	184	0
79695	297495	269	184	0
79696	297562	269	184	0
79697	297635	269	184	0
79698	297697	269	184	0
79699	297766	269	184	0
79700	297815	269	184	0
79701	297880	269	184	0
79702	297950	269	184	0
79703	298009	269	184	0
79704	298076	269	184	0
79705	298141	269	184	0
79706	298210	269	184	0
79707	298277	269	184	0
79708	298346	269	184	0
79709	298414	269	184	0
79710	298486	269	184	0
79711	298553	269	184	0
79712	298616	269	184	0
79713	298682	269	184	0
79714	298737	269	184	0
79715	298777	269	184	0
79716	298831	269	184	0
79717	298877	269	184	0
79718	298941	269	184	0
79719	299004	269	184	0
79720	299049	269	184	0
79721	299112	269	184	0
79722	299172	269	184	0
79723	299240	269	184	0
79724	299306	269	184	0
79725	299368	269	184	0
79726	299436	269	184	0
79727	299481	269	184	0
79728	299532	269	184	0
79729	299587	269	184	0
79730	299645	269	184	0
79731	299708	269	184	0
79732	299803	269	184	0
79733	299878	269	184	0
79734	299939	269	184	0
79735	299981	269	184	0
79736	300032	269	184	0
