frame	time	x	y	burst
3206	52	329	391	0
3207	125	327	386	0
3208	166	326	381	0
3209	229	325	379	0
3210	283	322	374	0
3211	360	322	372	0
3212	406	319	366	0
3213	463	318	363	0
3214	523	316	360	0
3215	588	314	355	0
3216	649	313	353	0
3217	705	309	348	0
3218	777	309	346	0
3219	837	307	341	0
3220	892	305	337	0
3221	934	302	332	0
3222	995	302	330	0
3223	1054	298	325	0
3224	1115	296	321	0
3225	1195	296	319	0
3226	1236	292	312	0
3227	1292	291	310	0
3228	1332	289	306	0
3229	1388	287	304	0
3230	1429	286	300	0
3231	1494	285	298	0
3232	1548	283	293	0
3233	1611	282	291	0
3234	1663	279	288	0
3235	1726	277	283	0
3236	1788	276	281	0
3237	1851	274	278	0
3238	1914	270	271	0
3239	1980	269	269	0
3240	2031	267	265	0
3241	2069	265	261	0
3242	2131	264	258	0
3243	2192	261	255	0
3244	2263	261	253	0
3245	2315	259	247	0
3246	2379	258	246	0
3247	2424	256	243	0
3248	2467	254	239	0
3249	2525	253	236	0
3250	2564	252	235	0
3251	2618	251	231	0
3252	2687	251	228	0
3253	2729	248	225	0
3254	2786	247	221	0
3255	2844	246	220	0
3256	2894	245	215	0
3257	2954	245	211	0
3258	3021	243	207	0
3259	3061	241	204	0
3260	3121	241	203	0
3261	3177	240	199	0
3262	3231	238	197	0
3263	3293	237	193	0
3264	3332	235	191	0
3265	3394	235	188	0
3266	3457	234	187	0
3267	3519	233	183	0
3268	3578	232	179	0
3269	3641	231	176	0
3270	3699	230	173	0
3271	3755	229	171	0
3272	3794	228	169	0
3273	3858	227	168	0
3274	3915	227	165	0
3275	3990	226	165	0
3276	4053	226	162	0
3277	4092	226	162	0
3278	4155	227	162	0
3279	4197	228	161	0
3280	4257	229	161	0
3281	4314	232	159	0
3282	4379	234	161	0
3283	4451	235	161	0
3284	4498	238	161	0
3285	4557	241	161	0
3286	4622	243	163	0
3287	4686	243	164	0
3288	4747	244	165	0
3289	4812	247	170	0
3290	4874	248	172	0
3291	4933	251	175	0
3292	4988	253	177	0
3293	5029	256	181	0
3294	5088	256	182	0
3296	5206	261	188	0
3297	5267	263	190	0
3298	5304	263	191	0
3299	5387	267	193	0
3300	5425	270	198	0
3301	5491	272	200	0
3302	5547	274	201	0
3303	5584	278	205	0
3305	5727	282	207	0
3306	5796	284	209	0
3307	5895	287	210	0
3308	5987	291	207	0
3309	6044	295	203	0
3310	6163	296	202	0
3311	6257	296	197	0
3312	6315	298	191	0
3313	6357	298	189	0
3314	6444	299	187	0
3315	6506	300	184	0
3316	6566	301	180	0
3317	6629	302	179	0
3318	6693	302	174	0
3319	6757	302	172	0
3320	6844	301	171	0
3321	6909	301	169	0
3322	6963	301	169	0
3323	7091	301	168	0
3324	7186	299	165	0
3325	7244	299	162	0
3326	7328	299	159	0
3327	7423	299	155	0
3328	7524	298	150	0
3329	7587	298	144	0
3330	7645	297	140	0
3331	7694	297	136	0
3332	7763	296	134	0
3333	7861	295	131	0
3334	7959	294	126	0
3335	8026	293	126	0
3336	8108	292	124	0
3337	8183	291	123	0
3338	8251	291	123	0
3339	8388	291	123	0
3340	8446	291	123	0
3341	8550	291	122	0
3342	8661	291	122	0
3343	8727	291	122	0
3344	8784	291	122	0
3345	8887	291	122	0
3346	9031	291	122	0
3347	9253	291	122	0
3348	9340	291	122	0
3349	9403	291	122	0
3350	9514	291	122	0
3351	9625	291	122	0
3352	9707	291	123	0
3353	9783	291	123	0
3354	9852	291	123	0
3355	9900	291	123	0
3356	9956	291	123	0
3357	10017	291	123	0
3358	10078	291	123	0
3359	10114	291	123	0
3360	10157	291	123	0
3361	10214	291	123	0
3362	10291	291	123	0
3363	10348	291	122	0
3364	10389	290	122	0
3365	10456	290	122	0
3366	10521	290	121	0
3367	10594	290	120	0
3368	10658	289	119	0
3369	10718	289	119	0
3370	10826	289	118	0
3371	10889	288	116	0
3372	10969	288	115	0
3373	11056	288	115	0
3374	11123	287	114	0
3375	11190	287	113	0
3376	11308	287	113	0
3377	11370	287	113	0
3378	11457	287	113	0
3379	11522	287	113	0
3380	11617	287	113	0
3381	11680	287	113	0
3382	11741	287	113	0
3383	11804	287	113	0
3384	11892	287	113	0
3385	11949	287	113	0
3386	12020	287	113	0
3387	12115	287	113	0
3388	12188	287	113	0
3389	12266	287	113	0
3390	12315	287	113	0
3391	12354	287	113	0
3392	12419	287	113	0
3393	12492	287	113	0
3394	12579	287	113	0
3395	12650	287	113	0
3396	12718	287	113	0
3397	12759	287	113	0
3398	12817	287	113	0
3399	12883	287	113	0
3400	12980	287	113	0
3401	13052	287	113	0
3402	13116	287	113	0
3403	13193	287	113	0
3404	13259	287	113	0
3405	13323	287	113	0
3406	13389	287	114	0
3407	13447	287	114	0
3408	13503	287	114	0
3409	13548	287	114	0
3410	13589	287	114	0
3411	13651	287	114	0
3412	13693	287	114	0
3413	13809	287	114	0
3414	13867	287	114	0
3415	13921	287	114	0
3416	13992	287	114	0
3417	14051	287	114	0
3418	14113	287	114	0
3419	14176	287	114	0
3420	14243	287	114	0
3421	14344	287	114	0
3422	14421	287	114	0
3423	14477	287	114	0
3424	14516	287	114	0
3425	14605	287	114	0
3426	14682	287	114	0
3427	14778	287	114	0
3428	14875	287	114	0
3429	14923	287	114	0
3430	15002	287	114	0
3431	15065	287	114	0
3432	15121	287	114	0
3433	15187	287	114	0
3434	15247	287	114	0
3435	15339	287	114	0
3436	15441	287	114	0
3437	15499	287	114	0
3438	15576	287	114	0
3439	15615	287	114	0
3440	15661	287	114	0
3441	15766	287	114	0
3442	15844	287	114	0
3443	15900	287	114	0
3444	15964	287	114	0
3445	16011	287	114	0
3446	16057	287	114	0
3447	16114	287	114	0
3448	16187	287	114	0
3449	16244	287	114	0
3450	16331	287	114	0
3451	16393	287	114	0
3452	16454	287	114	0
3453	16524	287	114	0
3454	16639	287	114	0
3455	16698	287	114	0
3456	16775	287	114	0
3457	16846	287	114	0
3458	16942	287	114	0
3459	17042	287	114	0
3460	17108	287	114	0
3461	17164	287	113	0
3462	17249	287	113	0
3463	17314	287	113	0
3464	17409	287	113	0
3465	17506	287	113	0
3466	17577	287	113	0
3467	17646	287	113	0
3468	17707	287	113	0
3469	17747	287	113	0
3470	17809	287	113	0
3471	17868	287	113	0
3472	17911	287	113	0
3473	17974	287	113	0
3474	18031	287	113	0
3475	18120	287	113	0
3476	18180	287	113	0
3477	18236	287	113	0
3478	18339	287	113	0
3479	18396	287	113	0
3480	18449	287	113	0
3481	18513	287	113	0
3482	18579	287	113	0
3483	18634	287	113	0
3484	18736	287	113	0
3485	18866	287	113	0
3486	18950	287	113	0
3487	19067	287	113	0
3488	19115	287	113	0
3489	19180	287	113	0
3490	19253	287	113	0
3491	19313	287	113	0
3492	19444	287	113	0
3493	19506	287	113	0
3494	19615	286	112	0
3495	19673	286	112	0
3496	19715	286	111	0
3497	19781	286	112	0
3498	19834	286	112	0
3499	19912	286	112	0
3500	19988	286	112	0
3501	20081	285	111	0
3502	20145	285	112	0
3503	20212	285	112	0
3506	20458	282	109	0
3507	20513	282	109	0
3508	20575	281	110	0
3509	20617	281	110	0
3510	20677	281	110	0
3511	20737	279	110	0
3512	20807	279	109	0
3513	20890	278	110	0
3514	20941	275	108	0
3515	20982	274	106	0
3516	21045	273	105	0
3517	21139	272	104	0
3518	21228	270	98	0
3519	21271	269	92	0
3520	21336	268	91	0
3521	21433	267	89	0
3522	21503	266	84	0
3523	21543	265	81	0
3524	21636	264	80	0
3525	21692	263	80	0
3526	21756	263	80	0
3527	21819	261	79	0
3528	21912	260	78	0
3529	21995	259	77	0
3530	22061	260	79	0
3531	22102	260	79	0
3532	22163	260	80	0
3533	22213	261	81	0
3534	22332	261	81	0
3535	22433	261	86	0
3536	22489	258	93	0
3537	22543	258	95	0
3538	22599	258	98	0
3539	22700	258	100	0
3540	22799	257	108	0
3541	22902	256	115	0
3542	22957	256	119	0
3543	23075	256	124	0
3544	23148	258	133	0
3545	23258	259	138	0
3546	23325	262	147	0
3547	23387	262	151	0
3548	23455	262	154	0
3549	23527	263	159	0
3550	23571	265	164	0
3551	23635	265	167	0
3552	23694	266	172	0
3553	23735	267	179	0
3554	23798	268	181	0
3555	23838	268	183	0
3556	23903	269	187	0
3557	23961	270	193	0
3558	24040	271	197	0
3559	24121	271	199	0
3560	24207	272	205	0
3561	24301	273	212	0
3562	24340	274	219	0
3563	24394	274	221	0
3564	24474	275	226	0
3565	24545	275	229	0
3566	24620	276	236	0
3567	24663	276	240	0
3568	24734	277	242	0
3569	24778	278	249	0
3570	24837	278	251	0
3571	24899	279	253	0
3572	24956	279	256	0
3573	25011	279	264	0
3574	25109	280	268	0
3575	25239	280	275	0
3576	25345	282	284	0
3577	25432	283	292	0
3578	25474	283	297	0
3579	25529	284	300	0
3580	25625	284	304	0
3581	25726	284	311	0
3582	25831	285	318	0
3583	25902	286	322	0
3584	25999	286	328	0
3585	26066	286	332	0
3586	26162	287	335	0
3587	26220	287	342	0
3588	26284	287	346	0
3589	26363	287	352	0
3590	26430	284	359	0
3591	26471	284	363	0
3592	26538	283	366	0
3593	26631	283	370	0
3594	26705	282	375	0
3595	26764	283	381	0
3596	26804	283	386	0
3597	26860	283	388	0
3598	26900	283	392	0
3599	26961	283	395	0
3600	27028	284	399	0
3601	27090	284	403	0
3602	27189	285	405	0
3603	27304	285	413	0
3604	27401	286	417	0
3605	27468	286	423	0
3606	27512	286	426	0
3607	27569	287	427	0
3608	27666	287	427	0
3609	27728	291	430	0
3610	27785	291	431	0
3611	27862	293	434	0
3612	27932	293	434	0
3613	27977	292	434	0
3614	28027	292	435	0
3615	28070	293	437	0
3616	28132	292	436	0
3617	28196	292	436	0
3618	28293	291	436	0
3619	28359	290	437	0
3620	28428	290	437	0
3621	28507	290	436	0
3622	28586	290	436	0
3623	28677	289	435	0
3624	28746	291	433	0
3625	28803	291	432	0
3626	28868	292	432	0
3627	28926	292	432	0
3628	29017	292	430	0
3629	29116	292	429	0
3630	29181	292	427	0
3631	29242	292	424	0
3632	29329	292	422	0
3633	29425	292	419	0
3634	29485	291	412	0
3635	29558	291	410	0
3636	29606	291	408	0
3637	29701	291	406	0
3638	29763	293	402	0
3639	29836	294	399	0
3640	29900	296	394	0
3641	29959	297	392	0
3642	29995	297	392	0
3643	30069	299	391	0
3644	30141	299	391	0
3645	30196	301	391	0
3646	30294	303	389	0
3647	30365	303	390	0
3648	30407	303	391	0
3649	30469	303	392	0
3650	30549	303	393	0
3651	30647	303	396	0
3652	30715	304	401	0
3653	30770	304	402	0
3654	30825	305	405	0
3655	30959	305	406	0
3656	30999	309	416	0
3657	31058	309	417	0
3658	31120	312	421	0
3659	31160	314	424	0
3660	31223	314	426	0
3661	31268	315	427	0
3662	31361	316	429	0
3663	31430	318	433	0
3664	31493	318	434	0
3665	31547	318	434	0
3666	31597	317	434	0
3667	31667	316	434	0
3668	31791	316	434	0
3669	31831	315	433	0
3670	31888	315	433	0
3671	31923	314	433	0
3672	31990	314	432	0
3673	32062	313	432	0
3674	32129	313	431	0
3675	32191	312	430	0
3676	32253	311	429	0
3677	32298	311	428	0
3678	32355	310	428	0
3679	32411	310	427	0
3680	32465	309	424	0
3681	32538	309	423	0
3682	32622	308	421	0
3683	32688	306	417	0
3684	32784	305	416	0
3685	32860	303	414	0
3686	32902	299	411	0
3687	32998	298	410	0
3688	33093	296	409	0
3689	33180	293	405	0
3690	33268	289	401	0
3691	33360	287	397	0
3693	33551	280	389	0
3694	33592	278	384	0
3695	33643	277	381	0
3696	33733	277	380	0
3697	33789	275	376	0
3698	33857	274	370	0
3699	33917	272	366	0
3700	33983	271	364	0
3701	34031	270	360	0
3702	34104	269	356	0
3703	34165	269	353	0
3704	34220	268	351	0
3705	34293	267	346	0
3706	34357	266	342	0
3707	34420	265	334	0
3708	34497	264	330	0
3709	34598	263	326	0
3710	34685	262	320	0
3711	34725	260	313	0
3712	34786	260	311	0
3713	34856	259	307	0
3714	34931	259	304	0
3715	34995	258	299	0
3716	35059	258	293	0
3717	35146	256	289	0
3718	35187	256	283	0
3719	35243	255	282	0
3720	35308	254	279	0
3721	35400	254	275	0
3722	35460	253	268	0
3723	35543	253	265	0
3724	35644	252	257	0
3725	35716	251	251	0
3726	35805	251	250	0
3727	35916	249	243	0
3728	35955	249	234	0
3729	36009	247	232	0
3730	36053	247	228	0
3731	36108	246	226	0
3732	36161	246	224	0
3733	36227	245	219	0
3734	36327	245	215	0
3735	36389	244	210	0
3736	36453	244	208	0
3737	36506	243	203	0
3738	36596	243	201	0
3739	36652	243	199	0
3740	36720	241	195	0
3741	36795	241	193	0
3742	36876	240	191	0
3743	36970	238	187	0
3744	37083	235	184	0
3745	37124	232	180	0
3746	37183	231	179	0
3747	37251	231	177	0
3748	37318	230	175	0
3749	37387	228	173	0
3750	37466	227	172	0
3751	37526	226	170	0
3752	37605	225	169	0
3753	37691	224	168	0
3754	37768	224	168	0
3755	37825	224	168	0
3756	37901	224	168	0
3757	37981	224	168	0
3758	38092	224	168	0
3759	38184	224	168	0
3760	38260	224	168	0
3761	38323	224	168	0
3762	38386	224	168	0
3763	38443	224	168	0
3764	38485	224	168	0
3765	38538	224	168	0
3766	38603	224	168	0
3767	38661	224	168	0
3768	38753	224	168	0
3769	38856	224	168	0
3770	38914	224	168	0
3771	38972	224	168	0
3772	39053	224	168	0
3773	39094	224	168	0
3774	39132	224	168	0
3775	39247	224	168	0
3776	39315	224	168	0
3777	39370	224	168	0
3778	39446	224	168	0
3779	39524	224	168	0
3780	39615	224	168	0
3781	39658	224	168	0
3782	39759	224	168	0
3783	39814	224	168	0
3784	39885	224	168	0
3785	39954	224	168	0
3786	40017	224	168	0
3787	40081	224	168	0
3788	40140	224	168	0
3789	40213	224	168	0
3790	40290	224	168	0
3791	40361	224	168	0
3792	40417	224	168	0
3793	40490	224	168	0
3794	40546	224	168	0
3795	40615	224	168	0
3796	40684	224	168	0
3797	40751	224	168	0
3798	40841	224	168	0
3799	40913	224	168	0
3800	40978	224	168	0
3801	41036	224	168	0
3802	41088	224	168	0
3803	41157	224	168	0
3804	41215	224	168	0
3805	41287	224	168	0
3806	41375	224	168	0
3807	41479	224	168	0
3808	41548	224	168	0
3809	41644	224	168	0
3810	41723	224	168	0
3811	41820	224	168	0
3812	41921	224	168	0
3813	41983	224	168	0
3814	42019	224	168	0
3815	42076	224	168	0
3816	42141	224	168	0
3817	42210	224	169	0
3818	42255	224	168	0
3819	42353	224	168	0
3820	42423	224	168	0
3821	42519	224	168	0
3822	42576	224	168	0
3823	42641	224	168	0
3824	42702	224	168	0
3825	42781	224	168	0
3826	42852	224	168	0
3827	42908	224	168	0
3828	43009	224	168	0
3829	43067	224	168	0
3830	43130	224	168	0
3831	43184	224	169	0
3832	43221	224	168	0
3833	43275	224	168	0
3834	43320	224	168	0
3835	43387	224	168	0
3836	43482	224	168	0
3837	43544	224	169	0
3838	43612	224	169	0
3839	43707	224	168	0
3840	43756	224	168	0
3841	43863	224	168	0
3842	43911	224	169	0
3843	43974	224	168	0
3844	44043	224	168	0
3845	44141	224	168	0
3846	44239	224	168	0
3847	44299	224	169	0
3848	44377	224	168	0
3849	44477	224	168	0
3850	44553	224	169	0
3851	44621	224	168	0
3852	44677	224	168	0
3853	44754	224	168	0
3854	44807	224	168	0
3855	44845	224	168	0
3856	44919	224	168	0
3857	44998	224	168	0
3858	45079	224	168	0
3859	45147	224	168	0
3860	45213	224	168	0
3861	45275	224	168	0
3862	45347	224	168	0
3863	45409	224	168	0
3864	45474	224	168	0
3865	45530	224	168	0
3866	45584	224	168	0
3867	45644	224	168	0
3868	45710	224	168	0
3869	45750	224	168	0
3870	45806	224	168	0
3871	45843	224	168	0
3872	45904	224	168	0
3873	46007	224	168	0
3874	46074	224	168	0
3875	46118	224	168	0
3876	46180	224	168	0
3877	46238	224	168	0
3878	46337	224	168	0
3879	46406	224	168	0
3880	46460	224	168	0
3881	46573	224	168	0
3882	46675	224	168	0
3883	46737	224	168	0
3884	46784	224	168	0
3885	46853	224	168	0
3886	46910	224	168	0
3887	46949	224	168	0
3888	47003	224	168	0
3889	47043	224	168	0
3890	47112	224	168	0
3891	47171	224	168	0
3892	47242	224	168	0
3893	47310	224	168	0
3894	47451	224	168	0
3895	47508	224	168	0
3896	47569	224	168	0
3897	47626	224	168	0
3898	47683	225	168	0
3899	47747	224	168	0
3900	47805	225	168	0
3901	47905	225	168	0
3902	47967	225	168	0
3903	48026	225	168	0
3904	48114	226	168	0
3905	48199	226	168	0
3906	48297	225	168	0
3907	48379	225	168	0
3908	48458	225	168	0
3909	48539	225	168	0
3910	48577	225	168	0
3911	48674	225	168	0
3912	48740	225	168	0
3913	48802	225	168	0
3914	48871	225	168	0
3915	48952	225	168	0
3916	49010	225	168	0
3917	49075	225	168	0
3918	49146	225	168	0
3919	49204	225	168	0
3920	49261	225	168	0
3921	49319	225	168	0
3922	49443	225	168	0
3923	49516	224	168	0
3924	49577	224	168	0
3925	49635	224	169	0
3926	49693	224	168	0
3927	49736	222	167	0
3928	49808	222	166	0
3929	49913	220	165	0
3930	49974	218	162	0
3931	50105	217	162	0
3932	50158	217	160	0
3933	50212	217	157	0
3934	50307	216	155	0
3935	50388	216	147	0
3936	50484	215	144	0
3937	50560	214	142	0
3938	50644	214	141	0
3939	50707	214	141	0
3940	50797	214	141	0
3941	50865	214	141	0
3942	50936	214	141	0
3943	51011	213	141	0
3944	51074	212	142	0
3945	51158	211	141	0
3946	51231	211	141	0
3947	51265	211	141	0
3948	51309	211	141	0
3949	51369	211	141	0
3950	51405	211	142	0
3951	51469	211	142	0
3952	51535	211	142	0
3953	51582	211	143	0
3954	51635	212	143	0
3955	51707	212	144	0
3956	51785	211	146	0
3957	51843	210	148	0
3958	51899	210	151	0
3959	51977	209	153	0
3960	52033	209	157	0
3961	52098	209	160	0
3962	52166	210	161	0
3963	52219	206	167	0
3964	52292	206	168	0
3965	52395	205	169	0
3966	52490	205	169	0
3967	52587	205	169	0
3968	52636	205	169	0
3969	52704	205	169	0
3970	52774	205	170	0
3971	52861	205	170	0
3972	52901	205	169	0
3973	52955	205	169	0
3974	53032	205	169	0
3975	53070	205	169	0
3976	53138	205	169	0
3977	53196	205	169	0
3978	53238	205	169	0
3979	53297	205	169	0
3980	53386	205	169	0
3981	53476	205	169	0
3982	53570	205	169	0
3983	53674	205	169	0
3984	53741	205	169	0
3985	53798	205	169	0
3986	53837	205	169	0
3987	53938	205	169	0
3988	54040	206	169	0
3989	54143	206	169	0
3990	54231	205	169	0
3991	54308	205	169	0
3992	54370	205	169	0
3993	54492	205	169	0
3994	54564	205	170	0
3995	54630	205	170	0
3996	54700	205	172	0
3997	54744	205	174	0
3998	54809	205	175	0
3999	54920	205	179	0
4000	54989	205	186	0
4001	55033	204	191	0
4002	55083	203	193	0
4003	55139	204	194	0
4004	55204	203	197	0
4005	55267	203	201	0
4006	55352	202	205	0
4007	55430	201	212	0
4008	55540	200	215	0
4009	55606	199	222	0
4010	55694	199	229	0
4011	55793	199	236	0
4012	55839	199	243	0
4013	55905	199	246	0
4014	55964	199	249	0
4015	56007	201	253	0
4016	56095	201	256	0
4017	56172	202	257	0
4018	56271	202	264	0
4019	56373	202	271	0
4020	56497	202	278	0
4021	56562	202	287	0
4022	56628	202	289	0
4023	56709	202	291	0
4024	56767	201	299	0
4025	56831	201	303	0
4026	56887	201	307	0
4027	56991	200	312	0
4028	57074	200	318	0
4029	57131	200	322	0
4030	57170	200	327	0
4031	57229	200	328	0
4032	57304	200	331	0
4033	57360	200	332	0
4034	57420	201	334	0
4035	57463	199	338	0
4036	57530	200	338	0
4037	57594	199	342	0
4038	57676	199	345	0
4039	57755	199	347	0
4040	57836	202	353	0
4041	57898	203	358	0
4042	57972	203	361	0
4043	58062	204	362	0
4044	58126	204	365	0
4045	58204	205	369	0
4046	58287	206	372	0
4047	58331	205	377	0
4048	58436	205	378	0
4049	58496	205	381	0
4050	58559	205	387	0
4051	58604	205	391	0
4052	58664	206	393	0
4053	58716	206	397	0
4054	58779	206	399	0
4055	58869	207	403	0
4056	58933	207	405	0
4057	58995	207	410	0
4058	59056	208	412	0
4059	59092	209	416	0
4060	59140	209	417	0
4061	59190	209	419	0
4062	59230	209	421	0
4063	59331	211	423	0
4064	59393	212	422	0
4065	59455	212	422	0
4066	59547	212	420	0
4067	59610	212	420	0
4068	59699	213	420	0
4069	59784	213	419	0
4070	59882	212	418	0
4071	59960	212	417	0
4072	60011	212	416	0
4073	60064	212	416	0
4074	60101	213	414	0
4075	60155	213	413	0
4076	60199	214	412	0
4077	60290	214	412	0
4078	60344	214	409	0
4079	60414	214	408	0
4080	60456	215	405	0
4081	60497	216	401	0
4082	60565	216	399	0
4083	60639	216	395	0
4084	60715	217	392	0
4085	60821	218	388	0
4086	60873	220	381	0
4087	60959	220	378	0
4088	61084	221	372	0
4089	61123	223	364	0
4090	61210	224	362	0
4091	61292	224	357	0
4092	61331	226	354	0
4093	61387	226	353	0
4094	61430	227	347	0
4095	61489	227	346	0
4096	61555	228	344	0
4097	61610	230	339	0
4098	61671	231	337	0
4099	61760	233	333	0
4100	61856	234	327	0
4101	61953	236	323	0
4102	62008	238	317	0
4103	62076	239	315	0
4104	62126	241	311	0
4105	62197	242	307	0
4106	62252	242	306	0
4107	62290	244	300	0
4108	62360	245	299	0
4109	62442	245	297	0
4110	62521	248	292	0
4111	62599	251	284	0
4112	62659	251	279	0
4113	62718	252	275	0
4114	62783	253	271	0
4115	62844	254	268	0
4116	62908	255	265	0
4117	62996	256	262	0
4118	63057	257	257	0
4119	63114	259	251	0
4120	63180	259	247	0
4121	63225	260	245	0
4122	63319	261	243	0
4123	63362	262	239	0
4124	63420	263	237	0
4125	63462	265	233	0
4126	63521	265	231	0
4127	63589	266	229	0
4128	63657	267	225	0
4129	63723	267	222	0
4130	63772	269	215	0
4131	63852	269	213	0
4132	63891	269	207	0
4133	63946	271	205	0
4134	64026	272	202	0
4135	64106	272	201	0
4136	64195	272	196	0
4137	64260	273	190	0
4138	64341	273	189	0
4139	64441	274	181	0
4140	64555	275	175	0
4141	64593	276	172	0
4142	64665	277	168	0
4143	64756	277	163	0
4144	64797	278	157	0
4145	64908	278	156	0
4146	64965	278	151	0
4147	65029	278	148	0
4148	65092	278	146	0
4149	65147	278	142	0
4150	65207	278	139	0
4151	65306	278	133	0
4152	65366	277	130	0
4153	65424	277	126	0
4154	65467	276	123	0
4155	65501	276	122	0
4156	65617	276	122	0
4157	65724	274	118	0
4158	65805	273	116	0
4159	65859	273	115	0
4160	65925	272	115	0
4161	66032	272	113	0
4162	66104	271	110	0
4163	66201	271	108	0
4164	66262	270	106	0
4165	66356	270	104	0
4166	66447	270	103	0
4167	66519	270	99	0
4168	66606	271	98	0
4169	66714	272	98	0
4170	66811	274	95	0
4171	66901	276	92	0
4172	66991	277	90	0
4173	67057	277	89	0
4174	67116	278	88	0
4175	67158	278	88	0
4176	67251	278	88	0
4177	67313	278	89	0
4178	67414	278	89	0
4179	67480	279	89	0
4180	67584	278	92	0
4181	67641	278	93	0
4182	67722	276	94	0
4183	67783	276	97	0
4184	67856	276	98	0
4185	67954	276	100	0
4186	68051	277	104	0
4187	68116	277	105	0
4188	68167	277	105	0
4189	68235	277	105	0
4190	68292	277	105	0
4191	68358	276	105	0
4192	68424	276	107	0
4193	68508	276	108	0
4194	68549	275	109	0
4195	68601	275	109	0
4196	68682	275	110	0
4197	68722	275	112	0
4198	68822	275	112	0
4199	68881	276	117	0
4200	68988	275	119	0
4201	69049	275	122	0
4202	69116	274	123	0
4203	69190	274	127	0
4204	69249	274	129	0
4205	69357	275	133	0
4206	69416	276	140	0
4207	69488	276	142	0
4208	69562	276	146	0
4209	69660	276	152	0
4210	69773	277	157	0
4211	69836	279	168	0
4212	69911	280	169	0
4213	69990	281	174	0
4214	70098	282	179	0
4215	70172	283	181	0
4216	70249	284	187	0
4217	70311	285	193	0
4218	70352	287	200	0
4219	70412	289	204	0
4220	70508	290	208	0
4221	70619	291	215	0
4222	70701	293	221	0
4223	70783	295	225	0
4224	70847	299	231	0
4225	70942	299	233	0
4226	71013	301	239	0
4227	71077	303	243	0
4228	71126	305	247	0
4229	71185	308	251	0
4230	71250	309	255	0
4231	71345	311	259	0
4232	71442	314	265	0
4233	71511	317	270	0
4234	71581	317	273	0
4235	71675	319	278	0
4236	71783	323	284	0
4237	71844	327	289	0
4238	71911	328	292	0
4239	71968	330	293	0
4240	72080	331	297	0
4241	72147	335	304	0
4242	72249	336	306	0
4243	72332	339	311	0
4244	72415	342	316	0
4245	72471	344	323	0
4246	72574	344	325	0
4247	72616	348	333	0
4248	72678	348	334	0
4249	72748	349	337	0
4250	72811	351	342	0
4251	72891	353	346	0
4252	73043	354	350	0
4253	73130	357	359	0
4254	73185	359	364	0
4255	73258	361	367	0
4256	73322	362	371	0
4257	73380	363	374	0
4258	73469	364	377	0
4259	73532	366	381	0
4260	73594	368	385	0
4261	73649	369	387	0
4262	73721	372	392	0
4263	73787	373	393	0
4264	73844	375	396	0
4265	73903	376	398	0
4266	73963	376	400	0
4267	74021	378	403	0
4268	74083	379	405	0
4269	74153	380	407	0
4270	74260	380	408	0
4271	74361	381	409	0
4272	74426	381	409	0
4273	74476	381	408	0
4274	74518	380	407	0
4275	74579	380	408	0
4276	74677	379	409	0
4277	74730	378	410	0
4278	74779	376	412	0
4279	74849	375	413	0
4280	74943	373	413	0
4281	75042	371	414	0
4282	75099	371	413	0
4283	75148	371	412	0
4284	75207	370	412	0
4285	75276	370	412	0
4286	75352	370	411	0
4287	75436	369	411	0
4289	75542	369	406	0
4290	75596	368	405	0
4291	75668	368	403	0
4292	75716	368	401	0
4293	75809	368	399	0
4294	75883	366	395	0
4295	75956	364	389	0
4296	76045	362	384	0
4297	76111	360	380	0
4298	76180	359	375	0
4299	76241	357	371	0
4300	76297	357	369	0
4301	76390	355	364	0
4302	76440	353	360	0
4303	76504	352	357	0
4304	76581	351	353	0
4305	76638	350	351	0
4306	76702	348	345	0
4307	76762	348	344	0
4308	76840	346	338	0
4309	76901	345	336	0
4310	76944	344	332	0
4311	77068	343	330	0
4312	77137	342	324	0
4313	77171	340	318	0
4314	77226	339	316	0
4315	77290	339	315	0
4316	77341	337	311	0
4317	77384	336	307	0
4318	77418	335	306	0
4319	77483	335	304	0
4320	77569	333	300	0
4321	77626	332	296	0
4322	77743	332	294	0
4323	77809	330	290	0
4324	77872	330	287	0
4325	77945	329	285	0
4326	78033	329	282	0
4327	78083	329	276	0
4328	78138	329	274	0
4329	78175	329	272	0
4330	78235	327	269	0
4331	78276	327	265	0
4332	78368	327	264	0
4333	78489	326	260	0
4334	78543	324	253	0
4335	78604	323	251	0
4336	78646	323	248	0
4337	78730	323	246	0
4338	78772	322	244	0
4339	78845	322	243	0
4340	78935	322	240	0
4341	79013	322	237	0
4342	79067	320	234	0
4343	79134	319	229	0
4344	79175	318	225	0
4345	79234	318	224	0
4346	79321	317	221	0
4347	79374	317	218	0
4348	79416	316	215	0
4349	79475	315	214	0
4350	79539	315	212	0
4351	79607	315	209	0
4352	79704	313	205	0
4353	79765	313	204	0
4354	79804	312	200	0
4355	79849	311	199	0
4356	79937	310	198	0
4357	79999	309	194	0
4358	80062	309	193	0
4359	80124	308	190	0
4360	80195	308	190	0
4361	80234	308	190	0
4362	80311	308	190	0
4363	80400	308	190	0
4364	80459	308	186	0
4365	80499	309	183	0
4366	80555	309	182	0
4367	80607	309	182	0
4368	80673	309	180	0
4369	80746	311	178	0
4370	80859	311	174	0
4371	80921	311	170	0
4372	80984	311	169	0
4373	81038	311	167	0
4374	81135	311	164	0
4375	81171	311	161	0
4376	81233	311	160	0
4377	81300	312	155	0
4378	81356	312	152	0
4379	81418	312	151	0
4380	81474	312	149	0
4381	81511	312	146	0
4382	81569	313	145	0
4383	81666	315	145	0
4384	81708	316	143	0
4385	81786	317	142	0
4386	81842	319	141	0
4387	81880	319	140	0
4388	81939	320	139	0
4389	81999	321	138	0
4390	82060	321	136	0
4391	82100	322	134	0
4392	82160	321	134	0
4393	82219	321	133	0
4394	82274	322	132	0
4395	82334	322	130	0
4396	82405	322	129	0
4397	82468	322	126	0
4398	82533	322	126	0
4399	82598	322	126	0
4400	82653	322	123	0
4401	82770	322	122	0
4402	82834	322	120	0
4403	82932	322	119	0
4404	83006	320	117	0
4405	83073	320	116	0
4406	83133	320	114	0
4407	83176	319	114	0
4408	83235	319	115	0
4409	83330	319	115	0
4410	83391	319	115	0
4411	83463	319	115	0
4412	83519	319	115	0
4413	83591	319	116	0
4414	83641	319	116	0
4415	83701	319	115	0
4416	83760	319	115	0
4417	83819	319	115	0
4418	83916	319	116	0
4419	84000	319	115	0
4420	84095	319	115	0
4421	84159	319	115	0
4422	84202	319	115	0
4423	84297	319	115	0
4424	84404	319	115	0
4425	84499	319	115	0
4426	84569	319	115	0
4427	84626	319	115	0
4428	84683	319	115	0
4429	84771	319	115	0
4430	84895	319	115	0
4431	84937	319	115	0
4432	84996	319	115	0
4433	85085	319	115	0
4434	85170	320	115	0
4435	85231	320	115	0
4436	85267	320	116	0
4437	85330	320	116	0
4438	85389	320	116	0
4439	85498	320	116	0
4440	85552	320	116	0
4441	85667	320	116	0
4442	85742	320	116	0
4443	85852	320	116	0
4444	85901	320	116	0
4445	85972	320	116	0
4446	86038	320	116	0
4447	86098	320	116	0
4448	86160	320	116	0
4449	86281	320	116	0
4450	86327	319	116	0
4451	86382	318	115	0
4452	86473	318	115	0
4453	86548	316	115	0
4454	86648	316	115	0
4455	86729	316	117	0
4456	86827	317	118	0
4457	86868	318	118	0
4458	86972	317	119	0
4459	87029	317	121	0
4460	87091	318	121	0
4461	87157	317	122	0
4462	87212	317	125	0
4463	87309	316	126	0
4464	87373	315	129	0
4465	87426	315	130	0
4466	87483	314	133	0
4467	87526	314	133	0
4468	87590	314	135	0
4469	87636	314	136	0
4470	87699	314	136	0
4471	87764	314	139	0
4472	87858	312	143	0
4473	87921	312	148	0
4474	87994	312	151	0
4475	88063	311	154	0
4476	88104	311	157	0
4477	88212	311	158	0
4478	88318	309	165	0
4479	88364	308	169	0
4480	88431	308	171	0
4481	88500	308	172	0
4482	88559	306	176	0
4483	88601	305	180	0
4484	88659	304	182	0
4485	88719	304	185	0
4486	88778	302	189	0
4487	88837	302	191	0
4488	88951	302	195	0
4489	89058	301	201	0
4490	89122	302	204	0
4491	89176	302	206	0
4492	89243	303	208	0
4493	89356	304	211	0
4494	89396	304	215	0
4495	89451	304	215	0
4496	89525	304	219	0
4497	89593	304	220	0
4498	89659	304	225	0
4499	89697	304	225	0
4500	89756	304	228	0
4501	89799	305	231	0
4502	89859	305	232	0
4503	89935	305	235	0
4504	89996	305	237	0
4505	90090	305	239	0
4506	90132	306	242	0
4507	90190	306	243	0
4508	90230	305	246	0
4509	90292	305	246	0
4510	90380	305	247	0
4511	90442	305	250	0
4512	90498	305	253	0
4513	90563	305	255	0
4514	90626	304	257	0
4515	90690	305	259	0
4516	90782	305	261	0
4517	90826	305	265	0
4518	90877	304	269	0
4519	90931	304	271	0
4520	91013	304	272	0
4521	91121	304	278	0
4522	91180	303	285	0
4523	91225	303	288	0
4524	91278	303	290	0
4525	91356	303	292	0
4526	91398	302	298	0
4527	91463	302	300	0
4528	91499	302	303	0
4529	91625	303	305	0
4530	91706	303	313	0
4531	91766	303	317	0
4532	91826	302	321	0
4533	91894	302	323	0
4534	91993	301	329	0
4535	92084	301	334	0
4536	92155	299	338	0
4537	92228	299	341	0
4538	92289	299	345	0
4539	92349	298	350	0
4540	92391	297	355	0
4541	92449	297	356	0
4542	92509	297	358	0
4543	92572	297	361	0
4544	92664	296	365	0
4545	92820	296	369	0
4546	92907	296	380	0
4547	92965	296	384	0
4548	93035	296	387	0
4549	93099	297	388	0
4550	93151	297	394	0
4551	93251	296	396	0
4552	93306	296	401	0
4553	93395	297	405	0
4554	93460	298	410	0
4555	93516	298	412	0
4556	93558	299	417	0
4557	93617	300	419	0
4558	93682	300	420	0
4559	93738	301	424	0
4560	93793	301	426	0
4561	93852	302	428	0
4562	93930	302	430	0
4563	94015	303	431	0
4564	94094	304	433	0
4565	94181	304	434	0
4566	94227	304	434	0
4567	94291	304	434	0
4568	94350	304	434	0
4569	94448	302	434	0
4570	94506	302	434	0
4571	94570	302	434	0
4572	94625	302	433	0
4573	94692	302	433	0
4574	94749	301	434	0
4575	94791	300	434	0
4576	94851	300	434	0
4577	94914	300	434	0
4578	94970	300	434	0
4579	95035	299	434	0
4580	95154	299	434	0
4581	95217	300	433	0
4582	95272	300	433	0
4583	95369	301	433	0
4584	95438	302	434	0
4585	95508	302	434	0
4586	95614	302	434	0
4587	95659	303	433	0
4588	95768	303	432	0
4589	95834	304	431	0
4590	95886	305	430	0
4591	95924	306	429	0
4592	95982	307	429	0
4593	96019	307	429	0
4594	96110	308	428	0
4595	96155	309	426	0
4596	96249	310	424	0
4597	96356	310	423	0
4598	96418	311	420	0
4599	96524	312	417	0
4600	96607	311	414	0
4601	96684	311	410	0
4602	96779	311	405	0
4603	96858	311	399	0
4604	96943	311	398	0
4605	97072	311	388	0
4606	97175	312	383	0
4607	97219	312	374	0
4608	97315	313	372	0
4609	97390	313	368	0
4610	97447	315	362	0
4611	97513	315	360	0
4612	97590	316	354	0
4613	97657	316	350	0
4614	97743	317	346	0
4615	97845	318	340	0
4616	97914	319	336	0
4617	97957	319	330	0
4618	98050	319	328	0
4619	98123	319	324	0
4620	98182	320	318	0
4621	98278	321	317	0
4622	98351	321	310	0
4623	98444	322	304	0
4624	98510	322	299	0
4625	98550	323	293	0
4626	98613	323	291	0
4627	98667	323	287	0
4628	98722	324	285	0
4629	98787	324	281	0
4630	98828	325	276	0
4631	98948	326	275	0
4632	99050	326	268	0
4633	99111	327	262	0
4634	99192	328	258	0
4635	99282	329	253	0
4636	99340	330	247	0
4637	99384	330	243	0
4638	99447	330	240	0
4639	99506	330	239	0
4640	99564	330	234	0
4641	99666	330	230	0
4642	99734	330	225	0
4643	99835	330	218	0
4644	99927	330	212	0
4645	99963	330	208	0
4646	100028	329	208	0
4647	100113	329	207	0
4648	100215	329	206	0
4649	100274	327	205	0
4650	100384	326	205	0
4651	100450	324	204	0
4652	100509	323	204	0
4653	100578	321	202	0
4654	100672	320	202	0
4655	100745	319	201	0
4656	100812	318	201	0
4657	100855	316	201	0
4658	100915	315	200	0
4659	100978	315	200	0
4660	101043	313	198	0
4661	101102	313	198	0
4662	101163	312	197	0
4663	101227	312	197	0
4664	101343	312	197	0
4665	101383	312	197	0
4666	101436	312	197	0
4667	101485	312	197	0
4668	101575	312	197	0
4669	101645	312	197	0
4670	101712	312	197	0
4671	101781	312	197	0
4672	101841	312	197	0
4673	101895	312	197	0
4674	101977	312	197	0
4675	102039	312	197	0
4676	102115	312	197	0
4677	102175	312	197	0
4678	102278	312	197	0
4679	102333	312	197	0
4680	102396	312	197	0
4681	102485	312	197	0
4682	102611	312	197	0
4683	102671	311	196	0
4684	102714	309	194	0
4685	102763	309	194	0
4686	102828	309	193	0
4687	102900	307	191	0
4688	102978	305	186	0
4689	103076	305	183	0
4690	103140	301	179	0
4691	103208	300	174	0
4692	103281	300	170	0
4693	103321	298	168	0
4694	103378	297	166	0
4695	103448	296	165	0
4696	103539	295	162	0
4697	103606	293	156	0
4698	103673	292	154	0
4699	103775	291	151	0
4700	103875	289	145	0
4701	103932	287	140	0
4702	104009	287	137	0
4703	104081	286	136	0
4704	104142	284	132	0
4705	104201	284	129	0
4706	104245	283	127	0
4707	104302	283	126	0
4708	104347	283	126	0
4709	104424	283	125	0
4710	104538	281	124	0
4711	104608	281	124	0
4712	104685	281	124	0
4713	104739	281	124	0
4714	104801	281	124	0
4715	104858	281	124	0
4716	104913	281	124	0
4717	104979	281	124	0
4718	105069	281	124	0
4719	105108	281	124	0
4720	105169	281	124	0
4721	105224	281	124	0
4722	105312	281	124	0
4723	105408	281	124	0
4724	105484	281	124	0
4725	105595	281	124	0
4726	105676	281	124	0
4727	105744	281	124	0
4728	105809	281	124	0
4729	105916	281	124	0
4730	105999	281	124	0
4731	106039	281	124	0
4732	106123	281	124	0
4733	106173	281	124	0
4734	106216	281	124	0
4735	106276	281	124	0
4736	106344	281	124	0
4737	106401	281	124	0
4738	106458	281	124	0
4739	106534	281	124	0
4740	106596	281	124	0
4741	106700	281	124	0
4742	106741	281	124	0
4743	106800	281	124	0
4744	106859	281	124	0
4745	106950	281	124	0
4746	107007	281	124	0
4747	107046	281	124	0
4748	107138	281	124	0
4749	107195	281	124	0
4750	107302	281	124	0
4751	107376	281	124	0
4752	107412	281	124	0
4753	107470	281	124	0
4754	107548	281	124	0
4755	107629	281	124	0
4756	107701	281	125	0
4757	107775	281	125	0
4758	107842	282	126	0
4759	107907	282	126	0
4760	107969	282	126	0
4761	108037	282	127	0
4762	108090	282	127	0
4763	108169	282	127	0
4764	108223	282	128	0
4765	108279	282	128	0
4766	108347	282	128	0
4767	108439	282	128	0
4768	108499	282	128	0
4769	108556	282	128	0
4770	108639	282	128	0
4771	108700	282	128	0
4772	108741	282	129	0
4773	108796	283	129	0
4774	108838	283	129	0
4775	108903	284	129	0
4776	108986	284	129	0
4777	109042	285	129	0
4778	109106	285	129	0
4779	109178	285	129	0
4780	109233	286	129	0
4781	109291	285	130	0
4782	109374	285	130	0
4783	109434	285	130	0
4784	109471	285	130	0
4785	109514	285	130	0
4786	109571	285	130	0
4787	109633	285	130	0
4788	109700	285	130	0
4789	109800	285	130	0
4790	109878	285	130	0
4791	109965	285	130	0
4792	110008	285	130	0
4793	110091	285	130	0
4794	110169	285	130	0
4795	110232	285	130	0
4796	110302	285	130	0
4797	110372	285	130	0
4798	110437	285	130	0
4799	110476	285	130	0
4800	110587	285	130	0
4801	110650	285	130	0
4802	110707	285	130	0
4803	110801	285	130	0
4804	110884	285	130	0
4805	110983	285	130	0
4806	111063	285	130	0
4807	111100	285	130	0
4808	111170	285	130	0
4809	111226	285	130	0
4810	111331	285	130	0
4811	111399	285	130	0
4812	111453	285	130	0
4813	111537	285	130	0
4814	111599	285	130	0
4815	111671	285	130	0
4816	111730	285	130	0
4817	111793	285	130	0
4818	111851	285	130	0
4819	111909	285	130	0
4820	111991	285	130	0
4821	112035	285	130	0
4822	112076	285	130	0
4823	112156	285	130	0
4824	112218	285	130	0
4825	112282	285	130	0
4826	112342	286	130	0
4827	112436	286	131	0
4828	112528	286	132	0
4829	112585	287	132	0
4830	112631	286	133	0
4831	112694	286	133	0
4832	112741	286	133	0
4833	112808	286	133	0
4834	112888	286	133	0
4835	112963	286	133	0
4836	113027	286	133	0
4837	113095	286	133	0
4838	113148	286	133	0
4839	113231	286	133	0
4840	113276	286	133	0
4841	113330	286	133	0
4842	113400	286	133	0
4843	113461	286	133	0
4844	113519	286	133	0
4845	113600	286	133	0
4846	113699	286	133	0
4847	113781	286	133	0
4848	113858	286	133	0
4849	113946	286	133	0
4850	113995	286	133	0
4851	114037	286	133	0
4852	114130	286	133	0
4853	114196	286	133	0
4854	114259	286	133	0
4855	114316	286	133	0
4856	114396	286	133	0
4857	114468	286	133	0
4858	114552	286	133	0
4859	114657	286	133	0
4860	114739	286	133	0
4861	114839	286	133	0
4862	114929	286	133	0
4863	115003	286	133	0
4864	115068	286	133	0
4865	115176	286	133	0
4866	115233	286	133	0
4867	115326	286	133	0
4868	115391	286	133	0
4869	115455	286	133	0
4870	115493	286	133	0
4871	115546	286	133	0
4872	115601	286	133	0
4873	115690	286	133	0
4874	115727	286	133	0
4875	115827	286	133	0
4876	115888	286	133	0
4877	115942	286	133	0
4878	116037	286	133	0
4879	116097	286	133	0
4880	116154	286	133	0
4881	116194	286	133	0
4882	116257	286	133	0
4883	116319	286	133	0
4884	116363	286	133	0
4885	116445	286	133	0
4886	116539	286	133	0
4887	116621	286	133	0
4888	116667	286	133	0
4889	116792	286	133	0
4890	116863	286	133	0
4891	116961	286	133	0
4892	117003	286	133	0
4893	117084	286	133	0
4894	117161	286	133	0
4895	117236	286	133	0
4896	117296	286	133	0
4897	117398	286	134	0
4898	117490	286	134	0
4899	117558	286	134	0
4900	117611	286	134	0
4901	117672	286	134	0
4902	117732	286	134	0
4903	117795	286	134	0
4904	117879	286	134	0
4905	117923	286	134	0
4906	117997	286	134	0
4907	118071	286	134	0
4908	118157	286	134	0
4909	118197	286	134	0
4910	118258	286	134	0
4911	118326	286	134	0
4912	118409	286	134	0
4913	118485	286	134	0
4914	118530	286	134	0
4915	118594	286	134	0
4916	118696	286	134	0
4917	118751	286	134	0
4918	118793	286	134	0
4919	118876	286	134	0
4920	118926	286	134	0
4921	118967	286	134	0
4922	119029	286	134	0
4923	119083	286	134	0
4924	119153	286	134	0
4925	119222	286	134	0
4926	119271	286	134	0
4927	119332	286	134	0
4928	119421	286	134	0
4929	119522	286	134	0
4930	119580	286	134	0
4931	119623	286	134	0
4932	119689	286	134	0
4933	119758	286	134	0
4934	119800	286	134	0
4935	119858	286	134	0
4936	119923	286	134	0
4937	119986	286	134	0
4938	120045	286	134	0
4939	120135	286	134	0
4940	120220	286	134	0
4941	120299	286	134	0
4942	120378	286	134	0
4943	120475	286	134	0
4944	120580	286	134	0
4945	120685	286	134	0
4946	120750	286	134	0
4947	120826	286	134	0
4948	120937	286	134	0
4949	121057	286	134	0
4950	121123	286	134	0
4951	121194	286	134	0
4952	121251	286	134	0
4953	121319	286	134	0
4954	121371	286	134	0
4955	121449	286	134	0
4956	121520	286	134	0
4957	121587	286	134	0
4958	121641	286	134	0
4959	121720	286	134	0
4960	121797	286	134	0
4961	121890	286	134	0
4962	121954	286	134	0
4963	122009	286	134	0
4964	122105	286	134	0
4965	122191	286	134	0
4966	122257	286	134	0
4967	122322	286	134	0
4968	122387	286	134	0
4969	122484	286	134	0
4970	122550	286	134	0
4971	122622	286	134	0
4972	122719	286	134	0
4973	122794	286	134	0
4974	122876	286	134	0
4975	122923	286	134	0
4976	122957	286	134	0
4977	123026	286	134	0
4978	123088	286	134	0
4979	123147	286	134	0
4980	123185	286	134	0
4981	123283	286	134	0
4982	123338	286	134	0
4983	123415	286	134	0
4984	123455	286	134	0
4985	123499	286	134	0
4986	123593	286	134	0
4987	123679	286	134	0
4988	123739	286	134	0
4989	123825	286	134	0
4990	123893	286	134	0
4991	123987	286	134	0
4992	124051	286	134	0
4993	124112	286	134	0
4994	124189	286	134	0
4995	124261	286	134	0
4996	124320	286	134	0
4997	124386	286	134	0
4998	124480	286	134	0
4999	124549	286	134	0
5000	124615	286	134	0
5001	124683	286	134	0
5002	124760	286	134	0
5003	124844	286	134	0
5004	124909	286	134	0
5005	124951	286	134	0
5006	125018	286	134	0
5007	125093	286	134	0
5008	125150	286	134	0
5009	125226	286	134	0
5010	125288	286	134	0
5011	125386	286	134	0
5012	125466	286	134	0
5013	125555	286	134	0
5014	125638	286	134	0
5015	125713	286	134	0
5016	125753	286	134	0
5017	125835	286	134	0
5018	125893	287	134	0
5019	125961	287	134	0
5020	126080	287	135	0
5021	126178	287	137	0
5022	126233	287	140	0
5023	126289	287	140	0
5024	126354	287	143	0
5025	126420	287	144	0
5026	126480	287	147	0
5027	126606	287	151	0
5028	126669	291	158	0
5029	126726	291	159	0
5030	126785	292	163	0
5031	126882	293	165	0
5032	126945	294	172	0
5033	127035	295	173	0
5034	127113	297	179	0
5035	127158	297	182	0
5036	127196	298	186	0
5037	127318	299	189	0
5038	127379	301	197	0
5039	127442	301	200	0
5040	127501	303	203	0
5041	127564	302	208	0
5042	127647	302	212	0
5043	127710	303	218	0
5044	127753	304	222	0
5045	127788	304	224	0
5046	127866	304	226	0
5047	127929	303	229	0
5048	127986	304	233	0
5049	128047	304	236	0
5050	128145	304	239	0
5051	128220	304	243	0
5052	128277	304	246	0
5053	128330	304	250	0
5054	128379	305	250	0
5055	128423	306	254	0
5056	128483	306	255	0
5057	128550	307	257	0
5058	128618	308	261	0
5059	128676	308	264	0
5060	128730	308	267	0
5061	128787	308	268	0
5062	128852	306	272	0
5063	128968	306	274	0
5064	129050	306	283	0
5065	129111	306	287	0
5066	129164	307	289	0
5067	129215	307	292	0
5068	129254	307	296	0
5069	129318	307	298	0
5070	129400	307	300	0
5071	129482	308	307	0
5072	129585	308	310	0
5073	129651	308	314	0
5074	129736	308	316	0
5075	129814	309	321	0
5076	129899	310	323	0
5077	129943	311	331	0
5078	130006	312	333	0
5079	130051	312	338	0
5080	130112	312	339	0
5081	130211	313	342	0
5082	130292	313	350	0
5083	130372	313	356	0
5084	130449	314	359	0
5085	130507	314	364	0
5086	130606	315	368	0
5087	130703	315	371	0
5088	130762	315	377	0
5089	130853	315	377	0
5090	130907	315	378	0
5091	130948	315	381	0
5092	131007	316	380	0
5093	131065	318	381	0
5094	131135	320	384	0
5095	131183	322	388	0
5096	131251	323	388	0
5097	131346	323	389	0
5098	131409	323	389	0
5099	131509	323	390	0
5100	131590	322	392	0
5101	131679	322	396	0
5102	131787	322	402	0
5103	131907	322	408	0
5104	131968	320	414	0
5105	132059	320	419	0
5106	132116	320	421	0
5107	132236	320	423	0
5108	132276	321	423	0
5109	132334	321	423	0
5110	132407	321	423	0
5111	132469	321	424	0
5112	132508	322	427	0
5113	132549	324	428	0
5114	132616	325	430	0
5115	132724	326	433	0
5116	132824	326	432	0
5117	132913	325	429	0
5118	132970	324	427	0
5119	133013	323	426	0
5120	133052	323	425	0
5121	133138	323	424	0
5122	133201	323	423	0
5123	133253	323	422	0
5124	133300	323	422	0
5125	133378	323	422	0
5126	133435	323	421	0
5127	133526	322	420	0
5128	133614	322	420	0
5129	133683	322	420	0
5130	133750	322	420	0
5131	133811	322	419	0
5132	133867	322	419	0
5133	133910	322	418	0
5134	133968	321	418	0
5135	134059	321	417	0
5136	134123	321	416	0
5137	134203	321	415	0
5138	134282	321	414	0
5139	134370	321	414	0
5140	134426	320	411	0
5141	134503	320	410	0
5142	134580	320	410	0
5143	134643	320	409	0
5144	134738	320	406	0
5145	134804	319	404	0
5146	134901	318	402	0
5147	134972	318	399	0
5148	135074	317	395	0
5149	135182	316	391	0
5150	135258	315	387	0
5151	135344	314	383	0
5152	135418	312	380	0
5153	135472	312	377	0
5154	135542	311	375	0
5155	135600	310	372	0
5156	135661	307	367	0
5157	135746	306	364	0
5158	135840	306	362	0
5159	135973	305	359	0
5160	136081	303	350	0
5161	136168	302	346	0
5162	136275	300	340	0
5163	136372	298	335	0
5164	136446	297	331	0
5165	136518	294	325	0
5166	136578	293	322	0
5167	136645	291	318	0
5168	136707	291	317	0
5169	136805	289	311	0
5170	136865	287	307	0
5171	136923	286	304	0
5172	137001	285	300	0
5173	137076	283	297	0
5174	137169	281	293	0
5175	137241	280	289	0
5176	137305	277	282	0
5177	137355	277	280	0
5178	137410	276	275	0
5179	137477	275	272	0
5180	137549	274	270	0
5181	137623	273	265	0
5182	137694	271	259	0
5183	137729	270	256	0
5184	137839	268	254	0
5185	137911	268	250	0
5186	137997	265	245	0
5187	138097	263	240	0
5188	138158	263	236	0
5189	138237	263	232	0
5190	138304	262	226	0
5191	138413	262	222	0
5192	138491	262	215	0
5193	138537	261	210	0
5194	138597	260	208	0
5195	138735	260	206	0
5196	138774	259	198	0
5197	138835	259	196	0
5198	138950	259	192	0
5199	139046	258	184	0
5200	139137	258	180	0
5201	139227	258	176	0
5202	139298	257	171	0
5203	139386	256	165	0
5204	139465	256	162	0
5205	139540	255	155	0
5206	139602	253	154	0
5207	139659	252	148	0
5208	139729	252	147	0
5209	139788	252	140	0
5210	139841	251	139	0
5211	139903	251	136	0
5212	139948	251	133	0
5213	140009	250	132	0
5214	140091	250	130	0
5215	140133	249	126	0
5216	140220	249	124	0
5217	140297	249	122	0
5218	140343	249	119	0
5219	140402	249	116	0
5220	140492	249	116	0
5221	140534	248	112	0
5222	140620	247	110	0
5223	140695	247	110	0
5224	140749	247	109	0
5225	140831	247	109	0
5226	140868	247	108	0
5227	140925	246	108	0
5228	140969	245	106	0
5229	141027	245	106	0
5230	141083	245	106	0
5231	141135	244	106	0
5232	141175	244	107	0
5233	141299	244	107	0
5234	141355	243	106	0
5235	141397	242	105	0
5236	141450	241	105	0
5237	141517	240	104	0
5238	141569	240	104	0
5239	141629	240	105	0
5240	141669	240	105	0
5241	141728	241	106	0
5242	141821	241	106	0
5243	141884	242	108	0
5244	141927	242	108	0
5245	141975	242	108	0
5246	142035	241	109	0
5247	142094	242	109	0
5248	142191	242	111	0
5249	142254	244	113	0
5250	142336	242	115	0
5251	142413	242	118	0
5252	142556	242	122	0
5253	142715	242	130	0
5254	142781	243	138	0
5255	142863	243	140	0
5256	142900	244	147	0
5257	142963	244	150	0
5258	143030	244	152	0
5259	143095	244	159	0
5260	143159	244	162	0
5261	143196	244	165	0
5262	143240	244	169	0
5263	143295	244	172	0
5264	143393	244	175	0
5265	143458	244	179	0
5266	143515	245	183	0
5267	143578	245	186	0
5268	143629	245	190	0
5269	143700	245	193	0
5270	143759	245	197	0
5271	143822	244	203	0
5272	143889	244	204	0
5273	143936	242	210	0
5274	144014	242	212	0
5275	144076	241	217	0
5276	144161	240	221	0
5277	144219	239	226	0
5278	144325	239	228	0
5279	144373	237	233	0
5280	144432	236	238	0
5281	144529	235	242	0
5282	144624	235	248	0
5283	144689	235	252	0
5284	144749	235	256	0
5285	144831	234	260	0
5286	144895	234	265	0
5287	144971	234	269	0
5288	145055	233	274	0
5289	145122	232	280	0
5290	145179	232	284	0
5291	145237	232	286	0
5292	145330	232	290	0
5293	145388	232	292	0
5294	145429	231	299	0
5295	145489	231	303	0
5296	145578	231	305	0
5297	145623	231	311	0
5298	145699	232	313	0
5299	145757	232	317	0
5300	145801	233	324	0
5301	145893	234	325	0
5302	145974	234	329	0
5303	146053	235	336	0
5304	146094	236	340	0
5305	146137	236	345	0
5306	146193	237	346	0
5307	146293	237	349	0
5308	146355	237	353	0
5309	146405	238	359	0
5310	146460	238	363	0
5311	146538	238	368	0
5312	146716	238	371	0
5313	146789	240	384	0
5314	146848	240	385	0
5315	146927	241	389	0
5316	147058	241	395	0
5317	147153	241	402	0
5318	147211	242	409	0
5319	147285	242	410	0
5320	147325	242	414	0
5321	147398	242	416	0
5322	147479	243	418	0
5323	147523	244	423	0
5324	147564	244	424	0
5325	147676	246	427	0
5326	147720	248	431	0
5327	147802	248	434	0
5328	147902	248	434	0
5329	147984	248	432	0
5330	148055	248	431	0
5331	148110	248	431	0
5332	148226	247	430	0
5333	148289	245	431	0
5334	148361	245	431	0
5335	148445	245	432	0
5336	148521	244	433	0
5337	148591	244	433	0
5338	148688	244	432	0
5339	148743	244	431	0
5340	148808	245	430	0
5341	148877	245	430	0
5342	148935	246	430	0
5343	148997	246	429	0
5344	149078	247	429	0
5345	149123	249	430	0
5346	149218	249	429	0
5347	149274	249	428	0
5348	149339	250	428	0
5349	149457	251	427	0
5350	149515	252	426	0
5351	149558	253	425	0
5352	149639	254	425	0
5353	149718	256	423	0
5354	149791	257	422	0
5355	149915	260	418	0
5356	149985	260	413	0
5357	150068	261	412	0
5358	150154	263	407	0
5359	150224	265	403	0
5360	150300	265	403	0
5361	150353	268	396	0
5362	150412	269	392	0
5363	150488	270	389	0
5364	150551	270	385	0
5365	150619	270	384	0
5366	150664	272	379	0
5367	150731	272	377	0
5368	150845	273	374	0
5369	150916	274	367	0
5370	150998	275	364	0
5371	151070	276	360	0
5372	151122	277	357	0
5373	151186	278	353	0
5374	151251	279	352	0
5375	151321	281	348	0
5376	151391	281	344	0
5377	151456	282	341	0
5378	151527	284	339	0
5379	151589	285	337	0
5380	151647	286	336	0
5381	151714	288	336	0
5382	151770	289	336	0
5383	151861	289	336	0
5384	151933	289	337	0
5385	152013	289	337	0
5386	152081	289	337	0
5387	152137	289	337	0
5388	152219	289	337	0
5389	152287	289	337	0
5390	152325	289	337	0
5391	152382	289	337	0
5392	152492	289	337	0
5393	152573	289	337	0
5394	152634	289	337	0
5395	152687	289	337	0
5396	152756	289	337	0
5397	152856	289	337	0
5398	152968	289	337	0
5399	153046	289	337	0
5400	153089	289	337	0
5401	153154	289	337	0
5402	153220	289	337	0
5403	153300	289	337	0
5404	153383	289	337	0
5405	153455	289	337	0
5406	153530	289	337	0
5407	153586	289	337	0
5408	153713	289	337	0
5409	153784	289	337	0
5410	153869	289	337	0
5411	153948	289	337	0
5412	154024	289	337	0
5413	154113	289	337	0
5414	154204	289	337	0
5415	154283	289	337	0
5416	154327	289	337	0
5417	154392	289	337	0
5418	154453	289	337	0
5419	154490	289	337	0
5420	154604	289	337	0
5421	154678	289	337	0
5422	154780	289	337	0
5423	154855	289	337	0
5424	154917	289	337	0
5425	154983	289	337	0
5426	155049	289	337	0
5427	155114	289	337	0
5428	155159	289	337	0
5429	155244	289	337	0
5430	155310	289	337	0
5431	155384	289	337	0
5432	155446	289	337	0
5433	155524	289	337	0
5434	155583	289	337	0
5435	155649	289	336	0
5436	155711	289	336	0
5437	155784	289	336	0
5438	155863	289	335	0
5439	155927	289	334	0
5440	155986	289	334	0
5441	156050	289	333	0
5442	156109	289	331	0
5443	156172	290	328	0
5444	156241	290	328	0
5445	156294	290	323	0
5446	156375	291	321	0
5447	156421	292	315	0
5448	156455	292	314	0
5449	156515	292	311	0
5450	156549	292	310	0
5451	156609	293	307	0
5452	156667	294	303	0
5453	156730	294	302	0
5454	156775	295	297	0
5455	156843	295	295	0
5456	156913	295	293	0
5457	156974	297	287	0
5458	157031	297	285	0
5459	157082	297	282	0
5460	157144	297	282	0
5461	157211	297	282	0
5462	157253	297	281	0
5463	157315	297	281	0
5464	157371	297	281	0
5465	157413	297	281	0
5466	157468	297	281	0
5467	157513	297	281	0
5468	157547	297	282	0
5469	157619	297	281	0
5470	157681	297	282	0
5471	157739	297	281	0
5472	157779	297	281	0
5473	157841	297	282	0
5474	157900	297	281	0
5475	157970	297	281	0
5476	158009	297	282	0
5477	158052	297	282	0
5478	158109	297	282	0
5479	158149	297	281	0
5480	158205	297	282	0
5481	158273	297	281	0
5482	158336	297	282	0
5483	158393	297	281	0
5484	158450	297	281	0
5485	158509	297	281	0
5486	158550	297	281	0
5487	158608	297	282	0
5488	158673	297	281	0
5489	158730	297	281	0
5490	158792	297	281	0
5491	158842	297	281	0
5492	158891	297	282	0
5493	158950	297	282	0
5494	159009	297	282	0
5495	159068	297	282	0
5496	159108	297	282	0
5497	159149	297	282	0
5498	159222	297	282	0
5499	159272	297	282	0
5500	159344	297	282	0
5501	159401	297	282	0
5502	159439	297	282	0
5503	159504	297	282	0
5504	159564	297	282	0
5505	159617	297	282	0
5506	159652	297	282	0
5507	159688	297	282	0
5508	159746	297	282	0
5509	159804	297	282	0
5510	159866	297	282	0
5511	159906	297	281	0
5512	159969	297	280	0
5513	160027	297	279	0
5514	160076	297	277	0
5515	160144	297	273	0
5516	160213	295	269	0
5517	160274	295	265	0
5518	160337	295	261	0
5519	160397	295	259	0
5520	160459	295	254	0
5521	160513	295	250	0
5522	160571	296	246	0
5523	160610	297	242	0
5524	160665	297	240	0
5525	160732	297	238	0
5526	160796	297	233	0
5527	160840	297	229	0
5528	160913	298	228	0
5529	160975	298	222	0
5530	161067	298	219	0
5531	161137	298	214	0
5532	161196	298	208	0
5533	161259	298	206	0
5534	161308	298	203	0
5535	161377	298	200	0
5536	161437	298	197	0
5537	161505	297	194	0
5538	161566	297	190	0
5539	161608	298	187	0
5540	161658	298	186	0
5541	161715	298	186	0
5542	161749	298	182	0
5543	161829	300	179	0
5544	161894	300	174	0
5545	161966	300	172	0
5546	162028	300	169	0
5547	162099	300	166	0
5548	162140	300	164	0
5549	162182	300	163	0
5550	162240	299	162	0
5551	162302	298	161	0
5552	162342	298	159	0
5553	162396	298	158	0
5554	162440	296	157	0
5555	162499	296	155	0
5556	162571	296	153	0
5557	162637	295	148	0
5558	162711	294	147	0
5559	162769	293	142	0
5560	162825	292	139	0
5561	162869	292	134	0
5562	162926	292	133	0
5563	162980	291	131	0
5564	163040	291	129	0
5565	163100	291	126	0
5566	163141	291	125	0
5567	163195	290	125	0
5568	163240	290	125	0
5569	163302	290	124	0
5570	163364	290	123	0
5571	163406	290	123	0
5572	163445	290	123	0
5573	163497	290	123	0
5574	163560	291	124	0
5575	163606	291	125	0
5576	163677	291	125	0
5577	163722	291	124	0
5578	163791	291	123	0
5579	163841	291	123	0
5580	163900	292	123	0
5581	163937	292	123	0
5582	164000	292	123	0
5583	164089	293	122	0
5584	164154	295	121	0
5585	164204	295	120	0
5586	164273	296	119	0
5587	164328	296	118	0
5588	164401	296	118	0
5589	164459	296	118	0
5590	164504	296	118	0
5591	164560	296	118	0
5592	164607	296	118	0
5593	164672	296	118	0
5594	164729	297	118	0
5595	164773	297	118	0
5596	164831	297	118	0
5597	164887	297	118	0
5598	164936	297	118	0
5599	164998	297	118	0
5600	165041	297	118	0
5601	165100	297	118	0
5602	165141	297	118	0
5603	165195	297	118	0
5604	165237	297	118	0
5605	165294	297	118	0
5606	165338	297	118	0
5607	165393	297	118	0
5608	165449	297	118	0
5609	165511	297	118	0
5610	165567	297	118	0
5611	165627	297	118	0
5612	165671	297	118	0
5613	165727	297	118	0
5614	165794	297	118	0
5615	165848	297	118	0
5616	165902	297	118	0
5617	165940	297	118	0
5618	165993	297	118	0
5619	166036	297	118	0
5620	166099	297	118	0
5621	166158	297	118	0
5622	166226	297	118	0
5623	166270	297	118	0
5624	166329	297	118	0
5625	166372	297	118	0
5626	166428	297	118	0
5627	166481	297	118	0
5628	166518	297	118	0
5629	166599	297	118	0
5630	166669	297	118	0
5631	166706	297	118	0
5632	166761	297	118	0
5633	166833	297	118	0
5634	166886	297	118	0
5635	166926	297	118	0
5636	166969	297	118	0
5637	167030	297	118	0
5638	167070	297	118	0
5639	167130	297	118	0
5640	167199	297	118	0
5641	167237	297	118	0
5642	167297	297	118	0
5643	167355	297	118	0
5644	167418	297	118	0
5645	167471	297	118	0
5646	167539	297	118	0
5647	167575	297	118	0
5648	167656	297	118	0
5649	167697	297	118	0
5650	167757	297	118	0
5651	167809	297	118	0
5652	167870	297	118	0
5653	167930	297	118	0
5654	167998	297	118	0
5655	168089	297	118	0
5656	168134	296	119	0
5657	168190	296	119	0
5658	168249	296	118	0
5659	168304	297	118	0
5660	168364	297	118	0
5661	168404	297	118	0
5662	168465	297	118	0
5663	168528	297	118	0
5664	168584	296	119	0
5665	168631	296	119	0
5666	168689	296	119	0
5667	168731	296	119	0
5668	168791	296	119	0
5669	168830	296	118	0
5670	168866	297	118	0
5671	168924	297	118	0
5672	168966	297	118	0
5673	169031	297	118	0
5674	169095	297	118	0
5675	169135	297	118	0
5676	169196	297	118	0
5677	169237	296	119	0
5678	169295	296	119	0
5679	169362	296	119	0
5680	169423	296	118	0
5681	169464	296	118	0
5682	169515	296	118	0
5683	169572	297	118	0
5684	169628	297	118	0
5685	169701	297	118	0
5686	169760	297	118	0
5687	169823	297	118	0
5688	169864	297	118	0
5689	169937	297	118	0
5690	169973	297	118	0
5691	170031	296	119	0
5692	170071	296	119	0
5693	170135	296	119	0
5694	170194	296	118	0
5695	170263	297	118	0
5696	170326	297	118	0
5697	170368	297	118	0
5698	170402	297	118	0
5699	170465	297	118	0
5700	170532	297	118	0
5701	170584	297	118	0
5702	170659	297	118	0
5703	170710	297	118	0
5704	170759	297	118	0
5705	170797	297	118	0
5706	170860	297	118	0
5707	170926	297	118	0
5708	170988	297	118	0
5709	171030	297	118	0
5710	171083	297	118	0
5711	171124	297	118	0
5712	171179	297	118	0
5713	171259	297	118	0
5714	171326	297	118	0
5715	171390	297	118	0
5716	171452	297	118	0
5717	171515	297	118	0
5718	171568	297	118	0
5719	171627	297	118	0
5720	171696	297	118	0
5721	171752	297	118	0
5722	171826	297	118	0
5723	171883	297	118	0
5724	171948	297	118	0
5725	172013	297	118	0
5726	172067	297	118	0
5727	172124	297	118	0
5728	172170	297	118	0
5729	172252	297	118	0
5730	172327	297	118	0
5731	172389	297	118	0
5732	172432	297	118	0
5733	172493	297	118	0
5734	172559	297	118	0
5735	172598	297	118	0
5736	172658	297	118	0
5737	172714	297	118	0
5738	172765	297	118	0
5739	172834	297	118	0
5740	172892	297	118	0
5741	172934	297	118	0
5742	172987	297	118	0
5743	173052	297	118	0
5744	173115	296	119	0
5745	173178	296	119	0
5746	173247	296	118	0
5747	173298	297	118	0
5748	173354	297	118	0
5749	173399	297	118	0
5750	173449	297	118	0
5751	173501	297	118	0
5752	173573	297	118	0
5753	173624	297	118	0
5754	173666	297	118	0
5755	173722	297	118	0
5756	173764	297	118	0
5757	173802	297	118	0
5758	173881	297	118	0
5759	173927	297	118	0
5760	173990	297	118	0
5761	174054	297	118	0
5762	174099	297	118	0
5763	174161	297	118	0
5764	174223	297	118	0
5765	174282	297	118	0
5766	174327	297	118	0
5767	174383	297	118	0
5768	174453	297	118	0
5769	174495	297	118	0
5770	174537	297	118	0
5771	174596	297	118	0
5772	174648	297	118	0
5773	174709	297	118	0
5774	174774	297	118	0
5775	174844	297	118	0
5776	174894	297	118	0
5777	174962	297	118	0
5778	175020	297	118	0
5779	175060	297	118	0
5780	175119	297	118	0
5781	175185	297	118	0
5782	175254	297	118	0
5783	175289	297	118	0
5784	175337	297	118	0
5785	175385	297	118	0
5786	175455	297	118	0
5787	175492	297	118	0
5788	175553	297	118	0
5789	175611	297	118	0
5790	175674	297	118	0
5791	175719	297	118	0
5792	175787	297	118	0
5793	175829	297	118	0
5794	175865	297	118	0
5795	175942	297	118	0
5796	175989	297	118	0
5797	176040	297	118	0
5798	176095	297	118	0
5799	176133	297	118	0
5800	176191	297	118	0
5801	176229	297	118	0
5802	176314	297	118	0
5803	176385	297	118	0
5804	176444	297	118	0
5805	176514	297	118	0
5806	176562	297	118	0
5807	176620	297	118	0
5808	176663	297	118	0
5809	176719	297	118	0
5810	176755	297	118	0
5811	176824	297	118	0
5812	176886	297	118	0
5813	176949	297	118	0
5814	176995	297	118	0
5815	177053	297	118	0
5816	177093	297	118	0
5817	177155	297	118	0
5818	177217	297	118	0
5819	177263	297	118	0
5820	177335	297	118	0
5821	177387	297	118	0
5822	177455	297	118	0
5823	177525	297	118	0
5824	177583	297	118	0
5825	177643	297	118	0
5826	177705	297	118	0
5827	177759	297	118	0
5828	177797	297	118	0
5829	177853	297	118	0
5830	177896	297	118	0
5831	177948	297	118	0
5832	178014	297	118	0
5833	178072	297	118	0
5834	178106	297	118	0
5835	178193	297	118	0
5836	178257	297	118	0
5837	178299	297	118	0
5838	178378	297	118	0
5839	178445	297	118	0
5840	178483	297	118	0
5841	178530	297	118	0
5842	178603	297	118	0
5843	178664	297	118	0
5844	178721	297	118	0
5845	178778	297	118	0
5846	178816	297	118	0
5847	178879	297	118	0
5848	178926	297	118	0
5849	178979	297	118	0
5850	179036	297	118	0
5851	179110	297	118	0
5852	179177	297	118	0
5853	179241	297	118	0
5854	179306	297	118	0
5855	179366	297	118	0
5856	179400	297	118	0
5857	179435	297	118	0
5858	179517	297	118	0
5859	179578	297	118	0
5860	179649	297	118	0
5861	179713	297	118	0
5862	179756	297	118	0
5863	179825	297	118	0
5864	179884	297	118	0
5865	179929	297	118	0
5866	179984	297	118	0
5867	180021	297	118	0
5868	180079	297	118	0
5869	180138	297	118	0
5870	180188	297	118	0
5871	180257	297	118	0
5872	180315	297	118	0
5873	180357	297	118	0
5874	180416	297	118	0
5875	180476	297	118	0
5876	180516	297	118	0
5877	180572	297	118	0
5878	180646	297	118	0
5879	180693	297	118	0
5880	180730	297	118	0
5881	180810	297	118	0
5882	180854	297	118	0
5883	180910	297	118	0
5884	180947	297	118	0
5885	181007	297	118	0
5886	181056	297	118	0
5887	181115	297	118	0
5888	181156	297	118	0
5889	181208	297	118	0
5890	181276	297	118	0
5891	181338	297	118	0
5892	181384	297	118	0
5893	181450	297	118	0
5894	181497	297	118	0
5895	181553	297	118	0
5896	181611	296	119	0
5897	181650	296	119	0
5898	181705	296	119	0
5899	181745	296	119	0
5900	181813	296	119	0
5901	181870	297	117	0
5902	181918	297	117	0
5903	181991	297	116	0
5904	182046	297	116	0
5905	182085	297	116	0
5906	182144	297	116	0
5907	182208	297	115	0
5908	182278	298	114	0
5909	182320	299	114	0
5910	182379	298	115	0
5911	182421	298	115	0
5912	182476	298	115	0
5913	182539	298	115	0
5914	182577	298	117	0
5915	182629	298	117	0
5916	182681	298	117	0
5917	182721	298	117	0
5918	182779	298	117	0
5919	182821	298	117	0
5920	182876	298	117	0
5921	182945	298	117	0
5922	183003	298	117	0
5923	183047	298	117	0
5924	183103	298	117	0
5925	183150	298	117	0
5926	183192	298	117	0
5927	183252	298	117	0
5928	183307	298	117	0
5929	183349	298	117	0
5930	183410	298	117	0
5931	183465	298	117	0
5932	183519	298	117	0
5933	183579	298	117	0
5934	183620	298	117	0
5935	183676	298	117	0
5936	183717	298	117	0
5937	183773	298	117	0
5938	183816	298	117	0
5939	183852	298	117	0
5940	183896	298	117	0
5941	183944	298	117	0
5942	184009	298	117	0
5943	184052	298	117	0
5944	184108	298	117	0
5945	184150	298	117	0
5946	184206	298	117	0
5947	184246	298	117	0
5948	184310	298	117	0
5949	184378	298	117	0
5950	184420	298	117	0
5951	184475	298	117	0
5952	184545	298	117	0
5953	184600	298	117	0
5954	184648	298	117	0
5955	184717	298	117	0
5956	184779	298	117	0
5957	184815	298	117	0
5958	184852	298	117	0
5959	184909	298	117	0
5960	184951	298	117	0
5961	185019	298	117	0
5962	185072	298	117	0
5963	185132	298	117	0
5964	185185	298	117	0
5965	185240	298	117	0
5966	185312	298	117	0
5967	185371	298	117	0
5968	185438	298	117	0
5969	185475	298	117	0
5970	185542	298	117	0
5971	185606	298	117	0
5972	185656	298	117	0
5973	185711	298	117	0
5974	185747	298	117	0
5975	185834	298	117	0
5976	185894	298	117	0
5977	185951	298	117	0
5978	186012	298	117	0
5979	186052	298	117	0
5980	186115	298	117	0
5981	186174	298	117	0
5982	186235	298	117	0
5983	186298	298	117	0
5984	186362	298	117	0
5985	186416	298	117	0
5986	186472	298	117	0
5987	186518	298	117	0
5988	186572	298	117	0
5989	186613	298	117	0
5990	186667	297	117	0
5991	186709	297	117	0
5992	186764	297	117	0
5993	186826	297	117	0
5994	186887	297	117	0
5995	186941	297	117	0
5996	186980	297	117	0
5997	187036	297	117	0
5998	187077	297	117	0
5999	187128	297	117	0
6000	187174	297	117	0
6001	187239	297	117	0
6002	187282	297	117	0
6003	187341	297	117	0
6004	187382	297	117	0
6005	187441	297	117	0
6006	187505	297	117	0
6007	187575	297	117	0
6008	187632	297	117	0
6009	187692	297	117	0
6010	187750	297	117	0
6011	187808	297	117	0
6012	187866	297	117	0
6013	187910	297	117	0
6014	187947	297	117	0
6015	188007	297	117	0
6016	188060	297	117	0
6017	188115	297	117	0
6018	188178	297	117	0
6019	188236	297	117	0
6020	188278	297	117	0
6021	188329	297	117	0
6022	188388	297	117	0
6023	188449	297	117	0
6024	188507	297	117	0
6025	188545	297	117	0
6026	188610	297	117	0
6027	188667	297	117	0
6028	188708	297	117	0
6029	188771	297	117	0
6030	188826	297	117	0
6031	188881	297	117	0
6032	188935	297	117	0
6033	188977	297	117	0
6034	189036	297	117	0
6035	189077	297	117	0
6036	189135	297	117	0
6037	189174	297	117	0
6038	189239	297	117	0
6039	189290	297	117	0
6040	189346	297	117	0
6041	189405	297	117	0
6042	189445	297	117	0
6043	189509	297	117	0
6044	189562	297	117	0
6045	189608	297	117	0
6046	189664	297	117	0
6047	189739	297	117	0
6048	189807	297	117	0
6049	189873	297	117	0
6050	189938	297	117	0
6051	189999	297	117	0
6052	190039	297	117	0
6053	190094	297	117	0
6054	190144	297	117	0
6055	190215	297	117	0
6056	190272	297	117	0
6057	190333	297	117	0
6058	190396	297	117	0
6059	190463	297	117	0
6060	190504	297	117	0
6061	190544	297	117	0
6062	190602	297	117	0
6063	190646	297	117	0
6064	190700	297	117	0
6065	190742	297	117	0
6066	190800	297	117	0
6067	190847	297	117	0
6068	190908	297	117	0
6069	190969	297	117	0
6070	191031	297	117	0
6071	191073	297	117	0
6072	191132	297	117	0
6073	191173	297	117	0
6074	191233	297	117	0
6075	191277	297	117	0
6076	191335	297	117	0
6077	191407	297	117	0
6078	191469	297	117	0
6079	191533	297	117	0
6080	191600	297	117	0
6081	191636	297	117	0
6082	191703	297	117	0
6083	191765	297	117	0
6084	191813	297	117	0
6085	191869	297	117	0
6086	191937	297	117	0
6087	191995	297	117	0
6088	192032	297	117	0
6089	192066	297	117	0
6090	192123	297	117	0
6091	192183	297	117	0
6092	192241	297	117	0
6093	192303	297	117	0
6094	192341	297	117	0
6095	192394	297	117	0
6096	192456	297	117	0
6097	192518	297	117	0
6098	192565	297	117	0
6099	192614	297	117	0
6100	192677	297	117	0
6101	192735	297	117	0
6102	192795	297	117	0
6103	192836	297	117	0
6104	192891	297	117	0
6105	192953	297	117	0
6106	193011	297	117	0
6107	193069	297	117	0
6108	193138	297	117	0
6109	193197	297	117	0
6110	193238	297	117	0
6111	193299	297	117	0
6112	193355	297	117	0
6113	193410	297	117	0
6114	193465	297	117	0
6115	193526	297	117	0
6116	193574	297	117	0
6117	193628	297	117	0
6118	193671	297	117	0
6119	193724	297	117	0
6120	193809	297	117	0
6121	193864	297	117	0
6122	193935	297	117	0
6123	193996	297	117	0
6124	194039	297	117	0
6125	194097	297	117	0
6126	194143	297	117	0
6127	194208	297	117	0
6128	194266	297	117	0
6129	194337	297	117	0
6130	194396	297	117	0
6131	194436	297	117	0
6132	194501	297	117	0
6133	194567	297	117	0
6134	194621	297	117	0
6135	194671	297	117	0
6136	194739	297	117	0
6137	194798	297	117	0
6138	194869	297	117	0
6139	194926	297	117	0
6140	194981	297	117	0
6141	195031	297	117	0
6142	195079	297	117	0
6143	195135	297	117	0
6144	195196	297	117	0
6145	195239	297	117	0
6146	195302	297	117	0
6147	195356	297	117	0
6148	195419	297	117	0
6149	195481	297	117	0
6150	195534	297	117	0
6151	195598	297	117	0
6152	195668	297	117	0
6153	195726	297	117	0
6154	195788	297	117	0
6155	195852	297	117	0
6156	195900	297	117	0
6157	195940	297	117	0
6158	195997	297	117	0
6159	196038	297	117	0
6160	196091	296	117	0
6161	196133	296	117	0
6162	196168	296	117	0
6163	196204	297	118	0
6164	196273	297	118	0
6165	196334	297	118	0
6166	196371	297	118	0
6167	196427	297	118	0
6168	196493	297	118	0
6169	196533	297	118	0
6170	196593	297	118	0
6171	196653	297	118	0
6172	196716	296	118	0
6173	196770	296	118	0
6174	196826	296	118	0
6175	196893	296	118	0
6176	196934	297	118	0
6177	196990	296	118	0
6178	197031	296	118	0
6179	197090	296	118	0
6180	197129	296	118	0
6181	197190	296	118	0
6182	197263	297	118	0
6183	197328	297	118	0
6184	197363	297	118	0
6185	197397	297	118	0
6186	197455	299	118	0
6187	197527	299	118	0
6188	197574	299	118	0
6189	197625	299	118	0
6190	197694	299	118	0
6191	197731	299	118	0
6192	197796	299	118	0
6193	197862	299	118	0
6194	197919	299	118	0
6195	197958	299	118	0
6196	197999	299	118	0
6197	198042	298	118	0
6198	198076	298	118	0
6199	198121	298	118	0
6200	198169	298	118	0
6201	198251	298	118	0
6202	198314	298	118	0
6203	198362	298	119	0
6204	198404	298	119	0
6205	198467	298	119	0
6206	198530	298	119	0
6207	198593	298	119	0
6208	198646	298	119	0
6209	198716	298	119	0
6210	198768	298	119	0
6211	198829	298	119	0
6212	198868	298	119	0
6213	198930	298	119	0
6214	198988	297	118	0
6215	199028	297	118	0
6216	199093	297	118	0
6217	199147	297	118	0
6218	199192	297	118	0
6219	199237	297	118	0
6220	199293	297	118	0
6221	199356	297	119	0
6222	199397	297	118	0
6223	199456	297	119	0
6224	199502	297	118	0
6225	199590	297	118	0
6226	199661	297	119	0
6227	199727	297	119	0
6228	199771	298	120	0
6229	199835	299	121	0
6230	199894	300	122	0
6231	199945	301	123	0
6232	200006	302	123	0
6233	200065	303	125	0
6234	200123	304	126	0
6235	200164	304	126	0
6236	200224	305	127	0
6237	200292	306	127	0
6238	200334	306	126	0
6239	200391	306	126	0
6240	200463	307	125	0
6241	200531	307	124	0
6242	200588	307	123	0
6243	200629	308	122	0
6244	200685	308	122	0
6245	200726	308	122	0
6246	200787	308	122	0
6247	200834	308	122	0
6248	200891	308	122	0
6249	200933	308	122	0
6250	200994	308	122	0
6251	201051	308	122	0
6252	201091	308	122	0
6253	201144	308	122	0
6254	201184	308	122	0
6255	201254	308	122	0
6256	201301	308	122	0
6257	201352	308	122	0
6258	201392	308	122	0
6259	201455	308	122	0
6260	201538	308	122	0
6261	201609	308	122	0
6262	201656	308	122	0
6263	201701	308	122	0
6264	201756	308	122	0
6265	201797	308	122	0
6266	201858	308	122	0
6267	201920	308	122	0
6268	201966	308	122	0
6269	202022	308	122	0
6270	202064	308	122	0
6271	202118	308	122	0
6272	202156	308	122	0
6273	202221	308	122	0
6274	202286	308	122	0
6275	202351	308	122	0
6276	202413	308	122	0
6277	202466	308	122	0
6278	202527	308	122	0
6279	202592	308	122	0
6280	202657	308	122	0
6281	202714	308	122	0
6282	202756	308	122	0
6283	202815	308	122	0
6284	202863	308	122	0
6285	202926	308	122	0
6286	202985	308	121	0
6287	203028	309	120	0
6288	203115	309	119	0
6289	203156	310	117	0
6290	203215	310	116	0
6291	203264	310	116	0
6292	203324	311	115	0
6293	203363	312	115	0
6294	203422	312	115	0
6295	203461	311	116	0
6296	203521	311	115	0
6297	203583	311	115	0
6298	203637	312	114	0
6299	203696	312	114	0
6300	203738	312	115	0
6301	203794	313	115	0
6302	203849	313	115	0
6303	203922	313	116	0
6304	203980	313	117	0
6305	204023	314	119	0
6306	204082	314	120	0
6307	204129	314	122	0
6308	204194	315	126	0
6309	204252	316	129	0
6310	204321	316	132	0
6311	204380	317	134	0
6312	204423	318	137	0
6313	204483	318	138	0
6314	204543	319	140	0
6315	204612	319	143	0
6316	204685	320	148	0
6317	204725	321	150	0
6318	204782	321	153	0
6319	204822	321	155	0
6320	204879	321	157	0
6321	204961	322	159	0
6322	205020	322	162	0
6323	205061	323	167	0
6324	205122	324	168	0
6325	205178	324	170	0
6326	205222	325	175	0
6327	205280	326	176	0
6328	205353	326	177	0
6329	205394	326	182	0
6330	205453	327	184	0
6331	205493	328	187	0
6332	205549	328	189	0
6333	205589	329	193	0
6334	205655	329	193	0
6335	205707	330	197	0
6336	205762	331	198	0
6337	205820	331	201	0
6338	205857	332	204	0
6339	205917	333	207	0
6340	205957	333	208	0
6341	206013	334	211	0
6342	206054	335	215	0
6343	206115	336	218	0
6344	206183	336	218	0
6345	206231	337	224	0
6346	206288	337	226	0
6347	206349	338	229	0
6348	206390	338	233	0
6349	206425	339	235	0
6350	206497	339	236	0
6351	206560	339	240	0
6352	206618	340	243	0
6353	206662	340	247	0
6354	206722	341	249	0
6355	206779	342	253	0
6356	206815	343	256	0
6357	206880	343	258	0
6358	206921	343	261	0
6359	206982	344	262	0
6360	207022	344	264	0
6361	207085	345	266	0
6362	207123	346	272	0
6363	207180	346	274	0
6364	207242	347	277	0
6365	207287	348	282	0
6366	207347	348	284	0
6367	207393	349	286	0
6368	207450	350	289	0
6369	207491	350	292	0
6370	207549	351	293	0
6371	207586	354	296	0
6372	207647	355	298	0
6373	207709	356	301	0
6374	207753	357	303	0
6375	207819	358	306	0
6376	207888	359	308	0
6377	207953	360	312	0
6378	208012	362	316	0
6379	208053	363	318	0
6380	208111	364	320	0
6381	208166	364	321	0
6382	208235	365	324	0
6383	208293	365	328	0
6384	208352	365	328	0
6385	208412	366	329	0
6386	208455	366	330	0
6387	208489	367	331	0
6388	208552	367	332	0
6389	208614	368	332	0
6390	208660	368	331	0
6391	208717	368	331	0
6392	208780	368	332	0
6393	208821	370	333	0
6394	208881	370	332	0
6395	208950	372	332	0
6396	209004	373	332	0
6397	209068	373	330	0
6398	209148	374	329	0
6399	209190	373	327	0
6400	209242	374	325	0
6401	209287	374	322	0
6402	209340	374	321	0
6403	209383	374	319	0
6404	209435	374	317	0
6405	209476	375	314	0
6406	209519	375	311	0
6407	209580	375	310	0
6408	209621	376	303	0
6409	209684	376	302	0
6410	209743	377	297	0
6411	209794	379	293	0
6412	209857	379	291	0
6413	209917	379	286	0
6414	209957	380	282	0
6415	210021	380	280	0
6416	210076	380	275	0
6417	210144	380	271	0
6418	210193	380	267	0
6419	210267	380	264	0
6420	210317	380	260	0
6421	210355	380	258	0
6422	210410	380	254	0
6423	210472	380	252	0
6424	210541	380	246	0
6425	210610	380	244	0
6426	210669	380	240	0
6427	210718	380	235	0
6428	210783	379	233	0
6429	210820	379	228	0
6430	210877	379	226	0
6431	210939	379	225	0
6432	210981	381	218	0
6433	211045	381	216	0
6434	211114	382	214	0
6435	211186	382	208	0
6436	211247	382	204	0
6437	211285	382	200	0
6438	211345	382	197	0
6439	211403	382	193	0
6440	211468	382	188	0
6441	211528	381	186	0
6442	211580	381	182	0
6443	211617	381	180	0
6444	211681	382	178	0
6445	211745	382	173	0
6446	211801	382	172	0
6447	211867	383	166	0
6448	211921	383	162	0
6449	211957	383	158	0
6450	212013	383	156	0
6451	212076	383	152	0
6452	212114	384	148	0
6453	212179	384	146	0
6454	212235	384	145	0
6455	212301	384	141	0
6456	212353	384	137	0
6457	212407	384	134	0
6458	212478	384	133	0
6459	212545	385	131	0
6460	212601	385	132	0
6461	212689	385	133	0
6462	212748	385	133	0
6463	212785	385	134	0
6464	212852	384	135	0
6465	212911	384	135	0
6466	212950	384	136	0
6467	212998	384	136	0
6468	213063	384	136	0
6469	213120	384	136	0
6470	213180	384	136	0
6471	213220	384	135	0
6472	213279	384	135	0
6473	213344	384	135	0
6474	213409	384	135	0
6475	213467	384	136	0
6476	213540	384	136	0
6477	213586	385	136	0
6478	213649	384	137	0
6479	213711	384	137	0
6480	213747	383	138	0
6481	213788	383	139	0
6482	213873	382	139	0
6483	213919	381	138	0
6484	213971	380	137	0
6485	214042	379	137	0
6487	214171	375	134	0
6488	214236	373	133	0
6489	214298	373	133	0
6490	214362	370	131	0
6491	214408	368	130	0
6492	214455	367	128	0
6494	214567	363	127	0
6495	214606	359	124	0
6496	214671	358	122	0
6497	214730	357	121	0
6498	214797	355	119	0
6499	214844	353	115	0
6500	214903	351	113	0
6501	214968	346	109	0
6502	215023	344	105	0
6503	215084	343	104	0
6504	215141	340	102	0
6505	215200	340	100	0
6506	215247	338	98	0
6509	215397	335	94	0
6510	215437	335	93	0
6511	215499	333	91	0
6512	215542	331	90	0
6513	215601	330	89	0
6514	215650	329	87	0
6515	215713	327	86	0
6516	215775	325	83	0
6517	215819	322	81	0
6518	215866	321	79	0
6519	215932	319	78	0
6520	215978	318	77	0
6521	216057	318	76	0
6522	216109	318	76	0
6523	216148	318	77	0
6524	216207	318	77	0
6525	216250	318	78	0
6526	216301	318	78	0
6527	216341	319	80	0
6528	216397	320	80	0
6529	216457	320	80	0
6530	216515	320	80	0
6531	216567	320	81	0
6532	216606	320	81	0
6533	216673	320	81	0
6534	216733	320	82	0
6535	216795	320	82	0
6536	216846	319	83	0
6537	216884	319	83	0
6538	216956	319	84	0
6539	217007	320	85	0
6540	217070	320	86	0
6541	217111	321	87	0
6542	217169	321	87	0
6543	217216	321	89	0
6544	217275	322	91	0
6545	217318	322	91	0
6546	217370	323	92	0
6547	217411	323	94	0
6548	217492	323	95	0
6549	217564	325	98	0
6550	217634	325	100	0
6551	217683	325	101	0
6552	217746	325	105	0
6553	217805	325	105	0
6554	217873	325	107	0
6555	217934	325	108	0
6556	218002	325	108	0
6557	218073	325	108	0
6558	218138	325	109	0
6559	218207	325	109	0
6560	218273	326	109	0
6561	218328	326	109	0
6562	218370	327	109	0
6563	218425	327	109	0
6564	218481	328	109	0
6565	218541	329	109	0
6566	218580	329	109	0
6567	218636	330	110	0
6568	218679	331	111	0
6569	218734	332	111	0
6570	218771	333	112	0
6571	218837	333	112	0
6572	218898	333	112	0
6573	218954	333	112	0
6574	219003	333	113	0
6575	219049	333	113	0
6576	219107	333	112	0
6577	219160	334	113	0
6578	219202	334	112	0
6579	219258	334	112	0
6580	219317	334	112	0
6581	219366	335	112	0
6582	219445	335	112	0
6583	219500	334	113	0
6584	219541	334	113	0
6585	219598	334	114	0
6586	219640	334	115	0
6587	219700	334	116	0
6588	219775	334	116	0
6589	219841	335	118	0
6590	219900	335	119	0
6591	219962	335	119	0
6592	220006	336	122	0
6593	220065	336	123	0
6594	220134	336	123	0
6595	220177	336	127	0
6596	220237	336	129	0
6597	220295	337	130	0
6598	220361	337	130	0
6599	220422	339	133	0
6600	220464	339	133	0
6601	220512	340	135	0
6602	220565	341	136	0
6603	220604	342	136	0
6604	220645	342	138	0
6605	220707	343	140	0
6606	220766	344	140	0
6607	220804	346	143	0
6608	220863	346	144	0
6609	220927	346	144	0
6610	220998	347	147	0
6611	221067	347	150	0
6612	221136	348	151	0
6613	221198	348	155	0
6614	221236	348	157	0
6615	221291	348	159	0
6616	221355	350	161	0
6617	221404	350	164	0
6618	221445	350	166	0
6619	221508	350	168	0
6620	221564	351	169	0
6621	221607	353	175	0
6622	221665	353	176	0
6623	221728	353	179	0
6624	221787	353	181	0
6625	221842	354	184	0
6626	221907	354	188	0
6627	221964	355	191	0
6628	222005	355	194	0
6629	222057	356	196	0
6630	222098	356	200	0
6631	222139	357	201	0
6632	222182	357	203	0
6633	222221	357	205	0
6634	222304	357	207	0
6635	222364	358	213	0
6636	222407	359	216	0
6637	222466	359	218	0
6638	222522	360	222	0
6639	222576	360	224	0
6640	222637	361	228	0
6641	222701	361	232	0
6642	222765	362	235	0
6643	222804	362	239	0
6644	222866	362	241	0
6645	222926	363	245	0
6646	222968	364	249	0
6647	223030	364	251	0
6648	223069	364	253	0
6649	223110	364	257	0
6650	223165	365	260	0
6651	223208	365	264	0
6652	223262	365	266	0
6653	223300	366	269	0
6654	223334	366	271	0
6655	223399	366	274	0
6656	223463	366	276	0
6657	223506	367	282	0
6658	223562	368	285	0
6659	223604	368	288	0
6660	223669	368	290	0
6661	223725	368	294	0
6662	223769	369	297	0
6663	223832	369	299	0
6664	223892	369	303	0
6665	223965	370	307	0
6666	224031	371	309	0
6667	224095	371	313	0
6668	224134	372	319	0
6669	224199	372	321	0
6670	224259	372	323	0
6671	224314	372	327	0
6672	224371	372	331	0
6673	224406	373	334	0
6674	224469	373	336	0
6675	224526	373	338	0
6676	224565	373	344	0
6677	224630	373	346	0
6678	224701	373	348	0
6679	224771	374	352	0
6680	224832	375	358	0
6681	224888	376	363	0
6682	224958	376	366	0
6683	225031	376	370	0
6684	225094	376	371	0
6685	225135	377	374	0
6686	225175	379	378	0
6687	225233	379	381	0
6688	225288	379	384	0
6689	225333	379	386	0
6690	225394	380	390	0
6691	225439	380	394	0
6692	225500	381	396	0
6693	225536	382	399	0
6694	225597	383	402	0
6695	225637	384	403	0
6696	225697	385	405	0
6697	225754	385	407	0
6698	225799	385	409	0
6699	225863	385	410	0
6700	225935	385	409	0
6701	226001	385	409	0
6702	226058	385	409	0
6703	226104	384	407	0
6704	226160	384	407	0
6705	226216	384	406	0
6706	226281	384	405	0
6707	226335	384	405	0
6708	226380	384	404	0
6709	226435	384	404	0
6710	226493	384	404	0
6711	226532	383	403	0
6712	226588	383	403	0
6713	226627	383	403	0
6714	226682	383	403	0
6715	226737	383	402	0
6716	226795	383	402	0
6717	226865	381	403	0
6718	226923	380	403	0
6719	226991	379	405	0
6720	227062	378	405	0
6721	227115	378	405	0
6722	227177	376	407	0
6723	227229	374	409	0
6724	227269	373	410	0
6725	227324	373	411	0
6726	227388	372	412	0
6727	227464	371	413	0
6728	227520	370	415	0
6729	227565	369	416	0
6730	227605	369	416	0
6731	227666	369	416	0
6732	227724	368	416	0
6733	227765	368	415	0
6734	227825	368	415	0
6735	227894	368	414	0
6736	227956	368	414	0
6737	227995	368	413	0
6738	228060	368	412	0
6739	228104	368	412	0
6740	228161	368	412	0
6741	228228	367	411	0
6742	228282	367	409	0
6743	228316	367	408	0
6744	228392	367	407	0
6745	228437	367	405	0
6746	228499	367	403	0
6747	228559	366	400	0
6748	228599	365	398	0
6749	228660	364	396	0
6750	228726	364	392	0
6751	228782	364	391	0
6752	228831	363	387	0
6753	228893	363	383	0
6754	228988	362	379	0
6755	229060	361	373	0
6756	229115	361	369	0
6757	229178	360	367	0
6758	229226	359	363	0
6759	229292	358	361	0
6760	229367	357	356	0
6761	229425	357	351	0
6762	229489	355	348	0
6763	229547	354	345	0
6764	229597	353	342	0
6765	229659	352	339	0
6766	229724	351	337	0
6767	229816	350	331	0
6768	229856	348	328	0
6769	229923	348	325	0
6770	229963	345	319	0
6771	230035	344	317	0
6772	230092	343	313	0
6773	230158	343	309	0
6774	230233	341	308	0
6775	230291	340	301	0
6776	230346	339	297	0
6777	230410	338	295	0
6778	230463	337	292	0
6779	230528	335	288	0
6780	230593	334	283	0
6781	230651	333	279	0
6782	230717	332	275	0
6783	230780	332	274	0
6784	230842	331	269	0
6785	230889	330	265	0
6786	230933	330	261	0
6787	230991	329	260	0
6788	231046	329	257	0
6789	231091	328	254	0
6790	231129	328	251	0
6791	231206	327	247	0
6792	231255	325	243	0
6793	231293	325	242	0
6794	231365	323	238	0
6795	231422	323	234	0
6796	231465	322	231	0
6797	231522	321	228	0
6798	231562	320	225	0
6799	231624	319	224	0
6800	231685	319	222	0
6801	231729	315	218	0
6802	231788	314	215	0
6803	231829	314	214	0
6804	231879	312	211	0
6805	231919	311	208	0
6806	231986	309	206	0
6807	232026	307	200	0
6808	232089	306	198	0
6809	232128	305	197	0
6810	232188	305	194	0
6811	232260	303	191	0
6812	232316	300	186	0
6813	232378	299	184	0
6814	232425	298	179	0
6815	232486	297	178	0
6816	232527	296	176	0
6817	232586	295	173	0
6818	232627	295	172	0
6819	232690	295	169	0
6820	232744	294	168	0
6821	232791	293	165	0
6822	232850	292	164	0
6823	232919	291	162	0
6824	232964	288	159	0
6825	233025	288	158	0
6826	233087	287	157	0
6827	233125	286	157	0
6828	233185	286	155	0
6829	233243	285	155	0
6830	233307	284	154	0
6831	233355	283	152	0
6832	233448	280	151	0
6833	233493	276	147	0
6834	233556	276	145	0
6835	233612	273	144	0
6836	233657	270	140	0
6837	233719	270	141	0
6838	233789	268	136	0
6839	233852	268	135	0
6840	233911	265	133	0
6841	233976	264	131	0
6842	234044	263	129	0
6843	234081	262	127	0
6844	234136	262	126	0
6845	234185	261	125	0
6846	234233	260	122	0
6847	234289	260	120	0
6848	234350	261	118	0
6849	234388	262	115	0
6850	234440	262	113	0
6851	234487	262	112	0
6852	234546	262	109	0
6853	234587	262	107	0
6854	234660	262	105	0
6855	234711	263	100	0
6856	234751	263	98	0
6857	234811	263	97	0
6858	234853	262	91	0
6859	234914	261	91	0
6860	234984	261	90	0
6861	235029	259	87	0
6862	235092	259	86	0
6863	235148	259	86	0
6864	235219	259	86	0
6865	235277	259	86	0
6866	235339	259	86	0
6867	235393	259	85	0
6868	235449	260	84	0
6869	235493	261	83	0
6870	235547	262	84	0
6871	235587	263	81	0
6872	235623	264	80	0
6873	235701	265	80	0
6874	235750	266	80	0
6875	235814	266	80	0
6876	235889	267	80	0
6877	235945	267	81	0
6878	235988	267	82	0
6879	236052	267	82	0
6880	236119	265	83	0
6881	236180	265	84	0
6883	236303	266	87	0
6884	236378	266	87	0
6885	236421	268	90	0
6886	236476	268	90	0
6887	236516	270	92	0
6888	236555	271	93	0
6889	236618	271	93	0
6890	236681	273	95	0
6891	236753	275	97	0
6892	236812	278	99	0
6893	236853	281	102	0
6894	236908	281	102	0
6895	236950	284	103	0
6896	237017	285	104	0
6897	237058	286	104	0
6898	237123	286	104	0
6899	237180	286	104	0
6900	237250	286	104	0
6901	237312	286	104	0
6902	237356	285	104	0
6903	237423	285	104	0
6904	237479	285	104	0
6905	237546	285	104	0
6906	237587	285	104	0
6907	237644	285	104	0
6908	237704	285	104	0
6909	237748	285	104	0
6910	237803	285	104	0
6911	237857	285	104	0
6912	237916	285	104	0
6913	237983	285	104	0
6914	238040	285	104	0
6915	238110	285	104	0
6916	238171	285	104	0
6917	238242	285	104	0
6918	238283	285	104	0
6919	238325	285	104	0
6920	238379	285	104	0
6921	238420	285	104	0
6922	238476	285	104	0
6923	238517	285	104	0
6924	238572	285	104	0
6925	238615	285	104	0
6926	238672	285	104	0
6927	238721	285	104	0
6928	238779	285	104	0
6929	238820	285	104	0
6930	238875	285	104	0
6931	238928	285	104	0
6932	239001	285	104	0
6933	239065	285	104	0
6934	239125	285	104	0
6935	239182	285	104	0
6936	239247	285	104	0
6937	239309	285	104	0
6938	239386	285	104	0
6939	239456	285	104	0
6940	239524	285	104	0
6941	239580	285	104	0
6942	239654	285	104	0
6943	239716	285	104	0
6944	239780	285	104	0
6945	239836	285	104	0
6946	239904	285	104	0
6947	239952	285	104	0
6948	240013	285	104	0
6949	240053	285	104	0
6950	240120	285	104	0
6951	240179	285	104	0
6952	240235	285	104	0
6953	240304	285	104	0
6954	240355	285	104	0
6955	240418	285	104	0
6956	240480	285	104	0
6957	240517	285	104	0
6958	240578	285	104	0
6959	240633	285	104	0
6960	240711	285	104	0
6961	240773	285	104	0
6962	240824	285	104	0
6963	240884	285	104	0
6964	240944	285	103	0
6965	240982	285	103	0
6966	241041	285	103	0
6967	241086	285	103	0
6968	241154	285	103	0
6969	241213	285	103	0
6970	241254	285	103	0
6971	241318	285	103	0
6972	241377	285	103	0
6974	241479	285	103	0
6976	241578	285	103	0
6977	241623	285	103	0
6978	241681	285	103	0
6979	241746	284	103	0
6980	241807	284	103	0
6981	241844	284	103	0
6982	241908	284	103	0
6983	241945	285	103	0
6984	242015	285	103	0
6986	242108	285	103	0
6987	242171	285	103	0
6988	242240	285	103	0
6989	242311	285	103	0
6990	242363	285	103	0
6991	242410	285	103	0
6992	242477	285	103	0
6993	242517	285	103	0
6994	242575	284	103	0
6995	242616	284	103	0
6996	242675	284	103	0
6997	242722	284	103	0
6998	242775	284	103	0
6999	242821	284	103	0
7000	242872	284	103	0
7001	242912	284	103	0
7002	242976	284	103	0
7003	243037	284	103	0
7004	243107	284	103	0
7005	243141	284	103	0
7006	243197	284	103	0
7007	243245	284	103	0
7008	243283	284	103	0
7009	243340	284	103	0
7010	243388	284	103	0
7011	243435	284	103	0
7012	243501	284	103	0
7013	243564	284	103	0
7014	243639	284	103	0
7015	243683	284	103	0
7016	243740	285	104	0
7017	243804	285	103	0
7018	243879	285	103	0
7019	243913	285	104	0
7020	243987	285	104	0
7021	244038	284	104	0
7022	244086	284	104	0
7023	244142	285	105	0
7024	244203	285	105	0
7025	244267	285	104	0
7026	244337	285	104	0
7027	244396	285	104	0
7028	244449	286	104	0
7029	244514	286	104	0
7030	244577	286	104	0
7031	244636	286	104	0
7032	244679	285	104	0
7033	244731	286	104	0
7034	244775	285	104	0
7035	244811	285	104	0
7036	244875	286	104	0
7037	244918	285	104	0
7038	244978	285	105	0
7039	245038	286	105	0
7040	245077	286	105	0
7041	245141	286	105	0
7042	245192	286	105	0
7043	245261	286	105	0
7044	245306	286	105	0
7045	245371	286	105	0
7046	245411	286	105	0
7047	245474	286	105	0
7048	245533	286	105	0
7049	245597	286	105	0
7050	245660	286	105	0
7051	245716	286	105	0
7052	245771	286	105	0
7053	245812	286	105	0
7054	245868	286	105	0
7055	245910	286	105	0
7056	245965	286	105	0
7057	246008	286	105	0
7058	246064	286	105	0
7059	246112	286	105	0
7060	246174	286	105	0
7061	246215	286	105	0
7062	246278	286	105	0
7063	246338	286	105	0
7064	246394	286	105	0
7065	246461	286	105	0
7066	246539	286	104	0
7067	246603	286	104	0
7068	246639	286	104	0
7069	246706	286	104	0
7070	246769	286	104	0
7071	246826	286	103	0
7072	246871	286	103	0
7074	246996	287	103	0
7075	247068	287	102	0
7076	247107	287	101	0
7077	247169	287	100	0
7078	247239	286	99	0
7079	247301	286	98	0
7080	247344	287	96	0
7081	247385	287	95	0
7082	247441	287	94	0
7083	247501	287	94	0
7084	247540	287	94	0
7085	247573	287	94	0
7086	247624	287	94	0
7087	247692	287	94	0
7088	247753	287	94	0
7089	247813	287	94	0
7090	247871	287	93	0
7091	247933	286	93	0
7092	247972	286	93	0
7093	248030	286	93	0
7094	248072	287	93	0
7095	248131	287	93	0
7096	248169	286	94	0
7097	248211	286	94	0
7098	248268	286	95	0
7099	248309	286	96	0
7100	248367	286	96	0
7101	248406	285	96	0
7102	248471	285	97	0
7103	248522	285	98	0
7104	248571	284	98	0
7105	248613	284	98	0
7106	248671	284	98	0
7107	248711	284	101	0
7108	248769	284	101	0
7109	248835	284	102	0
7110	248892	284	105	0
7111	248958	284	105	0
7112	249006	284	105	0
7113	249071	283	105	0
7114	249112	283	105	0
7115	249174	282	106	0
7116	249233	282	106	0
7117	249286	282	106	0
7118	249335	282	105	0
7119	249386	281	105	0
7120	249443	281	106	0
7121	249503	281	106	0
7122	249561	279	108	0
7123	249608	279	107	0
7124	249664	279	107	0
7125	249724	279	107	0
7126	249791	279	107	0
7127	249841	279	106	0
7128	249899	279	106	0
7129	249941	279	106	0
7130	250001	279	106	0
7131	250059	279	106	0
7132	250095	279	106	0
7133	250135	279	106	0
7134	250193	279	106	0
7135	250243	279	106	0
7136	250299	279	106	0
7137	250367	279	106	0
7138	250433	279	106	0
7139	250497	279	106	0
7140	250542	279	106	0
7141	250608	279	106	0
7142	250669	279	106	0
7143	250730	279	106	0
7144	250771	279	106	0
7145	250831	279	106	0
7146	250872	279	106	0
7147	250924	279	106	0
7148	250986	279	106	0
7149	251063	279	106	0
7150	251103	279	106	0
7151	251162	279	106	0
7152	251204	279	106	0
7153	251263	279	106	0
7154	251322	279	106	0
7155	251394	279	106	0
7156	251441	279	106	0
7157	251507	279	106	0
7158	251543	279	106	0
7159	251599	279	106	0
7160	251659	279	106	0
7161	251723	279	106	0
7162	251786	279	106	0
7163	251849	279	106	0
7164	251908	279	106	0
7165	251963	279	106	0
7166	252005	279	106	0
7167	252063	279	106	0
7168	252119	279	106	0
7169	252165	279	106	0
7170	252226	279	106	0
7171	252274	279	106	0
7172	252332	279	106	0
7173	252373	279	106	0
7174	252428	279	106	0
7175	252491	279	106	0
7176	252532	279	106	0
7177	252590	279	106	0
7178	252661	279	106	0
7179	252701	279	106	0
7180	252763	279	106	0
7181	252805	279	106	0
7182	252868	279	106	0
7183	252923	279	106	0
7184	252972	279	106	0
7185	253040	279	106	0
7186	253096	279	106	0
7187	253141	279	106	0
7188	253201	279	106	0
7189	253264	279	106	0
7190	253324	279	106	0
7191	253364	279	106	0
7192	253430	279	106	0
7193	253494	279	106	0
7194	253535	279	106	0
7195	253591	279	106	0
7196	253635	279	106	0
7197	253699	279	106	0
7198	253763	279	106	0
7199	253819	279	106	0
7200	253884	279	106	0
7201	253935	279	106	0
7202	253995	279	106	0
7203	254036	279	106	0
7204	254095	279	106	0
7205	254155	279	106	0
7206	254198	279	106	0
7207	254256	279	106	0
7208	254327	279	106	0
7209	254365	279	106	0
7210	254432	279	106	0
7211	254498	279	106	0
7212	254557	279	106	0
7213	254625	279	106	0
7214	254672	279	106	0
7215	254758	279	106	0
7216	254806	279	106	0
7217	254865	280	106	0
7218	254923	280	106	0
7219	254964	280	106	0
7220	255020	280	106	0
7221	255084	280	106	0
7222	255144	280	106	0
7223	255209	280	106	0
7224	255272	280	106	0
7225	255352	280	106	0
7226	255422	280	106	0
7227	255483	280	106	0
7228	255546	280	106	0
7229	255595	280	106	0
7230	255637	280	106	0
7231	255692	280	106	0
7232	255732	280	106	0
7233	255795	280	106	0
7234	255852	280	106	0
7235	255908	280	106	0
7236	255945	280	106	0
7237	255996	280	106	0
7238	256069	280	106	0
7239	256124	280	106	0
7240	256163	280	106	0
7241	256216	280	106	0
7242	256283	280	106	0
7243	256347	280	106	0
7244	256403	280	106	0
7245	256460	280	106	0
7246	256501	280	106	0
7247	256557	280	106	0
7248	256598	279	106	0
7249	256661	279	106	0
7250	256717	279	106	0
7251	256760	279	106	0
7252	256825	279	106	0
7253	256863	280	109	0
7254	256926	276	109	0
7255	256967	275	109	0
7256	257026	275	109	0
7257	257092	275	109	0
7258	257152	280	105	0
7259	257203	271	97	0
7260	257265	250	79	0
7261	257327	241	74	0
7262	257366	232	76	0
7263	257427	232	75	0
7264	257485	232	81	0
7265	257528	232	81	0
7266	257589	230	81	0
7267	257628	230	83	0
7268	257691	227	88	0
7269	257732	225	93	0
7270	257794	222	99	0
7271	257853	214	113	0
7272	257894	205	130	0
7273	257959	203	132	0
7274	258022	200	140	0
7275	258063	201	141	0
7276	258101	197	135	0
7277	258160	191	131	0
7278	258200	178	138	0
7279	258235	166	148	0
7280	258287	152	157	0
7281	258347	150	157	0
7282	258422	154	158	0
7283	258459	157	162	0
7284	258501	160	164	0
7285	258555	158	161	0
7286	258598	150	153	0
7287	258634	145	155	0
7288	258690	144	153	0
7289	258728	145	151	0
7290	258786	151	154	0
7291	258854	149	155	0
7292	258900	138	158	0
7293	258957	141	156	0
7294	258997	134	154	0
7295	259064	131	153	0
7296	259126	128	156	0
7297	259178	128	155	0
7298	259243	129	156	0
7299	259292	128	158	0
7300	259332	128	159	0
7301	259392	128	159	0
7302	259455	128	159	0
7303	259516	133	162	0
7304	259558	128	162	0
7305	259615	125	164	0
7306	259675	126	164	0
7307	259726	129	162	0
7308	259765	124	162	0
7309	259826	118	159	0
7310	259884	112	159	0
7311	259927	105	153	0
