frame	time	x	y	burst
143899	36	302	138	0
143900	104	302	138	0
143901	172	302	138	0
143902	230	302	138	0
143903	294	301	137	0
143904	366	301	137	0
143905	434	301	137	0
143906	502	301	137	0
143907	558	301	137	0
143908	596	301	137	0
143909	661	301	137	0
143910	727	301	137	0
143911	771	301	137	0
143912	843	301	137	0
143913	898	301	137	0
143914	966	301	137	0
143915	1031	301	137	0
143916	1092	301	137	0
143917	1158	299	135	0
143918	1203	299	135	0
143919	1260	299	135	0
143920	1301	298	135	0
143921	1360	297	135	0
143922	1422	297	135	0
143923	1493	297	135	0
143924	1558	297	135	0
143925	1602	297	135	0
143926	1661	297	135	0
143927	1701	297	135	0
143928	1762	297	135	0
143929	1861	297	135	0
143930	1934	297	135	0
143931	2019	297	135	0
143932	2070	297	135	0
143933	2119	297	134	0
143934	2176	297	134	0
143935	2250	297	134	0
143936	2307	296	134	0
143937	2379	296	134	0
143938	2437	296	134	0
143939	2512	296	134	0
143940	2586	296	134	0
143941	2643	296	134	0
143942	2727	296	134	0
143943	2790	296	134	0
143944	2836	296	134	0
143945	2923	296	134	0
143946	2976	295	133	0
143947	3036	295	133	0
143948	3125	296	133	0
143949	3195	295	133	0
143950	3266	295	133	0
143951	3333	295	133	0
143952	3398	295	133	0
143953	3462	295	133	0
143954	3533	295	133	0
143955	3598	295	133	0
143956	3657	295	133	0
143957	3719	295	133	0
143958	3786	295	133	0
143959	3846	295	133	0
143960	3900	295	133	0
143961	3989	295	133	0
143962	4041	295	133	0
143963	4131	295	133	0
143964	4196	295	133	0
143965	4261	294	133	0
143966	4333	294	133	0
143967	4412	294	133	0
143968	4487	294	133	0
143969	4552	294	133	0
143970	4616	294	133	0
143971	4662	294	133	0
143972	4724	294	133	0
143973	4790	294	133	0
143974	4849	295	133	0
143975	4914	294	133	0
143976	4960	295	133	0
143977	5001	295	133	0
143978	5067	295	133	0
143979	5123	294	133	0
143980	5177	294	132	0
143981	5241	294	132	0
143982	5305	294	132	0
143983	5371	294	132	0
143984	5431	294	132	0
143985	5493	294	132	0
143986	5560	294	132	0
143987	5624	294	132	0
143988	5690	294	132	0
143989	5757	294	132	0
143990	5825	294	132	0
143991	5894	294	132	0
143992	5956	294	132	0
143993	6021	294	132	0
143994	6106	294	132	0
143995	6160	294	132	0
143996	6233	294	132	0
143997	6301	294	132	0
143998	6383	294	132	0
143999	6452	294	132	0
144000	6514	294	132	0
144001	6562	294	132	0
144002	6622	294	132	0
144003	6680	294	132	0
144004	6758	294	132	0
144005	6822	294	132	0
144006	6883	294	132	0
144007	6935	294	132	0
144008	6999	294	132	0
144009	7054	294	132	0
144010	7124	294	132	0
144011	7184	294	132	0
144012	7246	294	132	0
144013	7304	294	132	0
144014	7362	294	132	0
144015	7423	294	132	0
144016	7494	294	132	0
144017	7562	294	132	0
144018	7622	294	132	0
144019	7691	294	132	0
144020	7759	294	132	0
144021	7827	294	132	0
144022	7892	294	132	0
144023	7961	294	132	0
144024	8052	294	132	0
144025	8126	294	132	0
144026	8191	294	132	0
144027	8255	294	132	0
144028	8323	294	132	0
144029	8380	294	132	0
144030	8452	293	131	0
144031	8526	293	131	0
144032	8584	293	131	0
144033	8624	293	131	0
144034	8693	293	131	0
144035	8756	293	131	0
144036	8822	293	131	0
144037	8885	293	131	0
144038	8950	293	131	0
144039	9020	293	131	0
144040	9082	293	131	0
144041	9143	293	131	0
144042	9200	293	131	0
144043	9284	293	131	0
144044	9359	293	131	0
144045	9436	293	131	0
144046	9523	293	131	0
144047	9584	293	131	0
144048	9641	293	131	0
144049	9717	293	131	0
144050	9782	293	130	0
144051	9838	293	130	0
144052	9913	293	130	0
144053	9965	293	129	0
144054	10060	293	129	0
144055	10124	293	129	0
144056	10200	293	129	0
144057	10258	293	129	0
144058	10322	293	129	0
144059	10383	293	129	0
144060	10454	293	129	0
144061	10518	292	129	0
144062	10585	292	128	0
144063	10653	291	127	0
144064	10729	291	127	0
144065	10811	291	127	0
144066	10882	290	127	0
144067	10953	290	128	0
144068	11010	289	128	0
144069	11075	290	129	0
144070	11145	290	129	0
144071	11200	291	129	0
144072	11286	291	130	0
144073	11365	291	131	0
144074	11425	291	131	0
144075	11486	291	132	0
144076	11539	291	132	0
144077	11598	291	132	0
144078	11654	290	133	0
144079	11714	290	133	0
144080	11778	290	133	0
144081	11843	290	133	0
144082	11888	290	133	0
144083	11951	290	133	0
144084	12010	290	133	0
144085	12065	290	133	0
144086	12139	290	133	0
144087	12219	290	133	0
144088	12319	290	133	0
144089	12390	290	133	0
144090	12480	290	133	0
144091	12552	290	133	0
144092	12634	290	133	0
144093	12693	290	133	0
144094	12781	290	133	0
144095	12842	290	133	0
144096	12901	290	133	0
144097	12973	290	133	0
144098	13045	291	133	0
144099	13122	290	134	0
144100	13228	290	134	0
144101	13315	290	134	0
144102	13384	290	134	0
144103	13442	290	134	0
144104	13502	290	134	0
144105	13550	291	134	0
144106	13605	290	134	0
144107	13674	288	134	0
144108	13734	286	134	0
144109	13814	286	134	0
144110	13870	284	134	0
144111	13918	283	134	0
144112	13982	281	134	0
144113	14053	280	133	0
144114	14139	277	132	0
144115	14199	275	132	0
144116	14278	275	132	0
144117	14361	274	132	0
144118	14419	273	132	0
144119	14486	272	132	0
144120	14549	272	132	0
144121	14612	272	132	0
144122	14686	271	132	0
144123	14759	271	132	0
144124	14816	270	133	0
144125	14877	270	133	0
144126	14944	270	133	0
144127	15013	269	134	0
144128	15077	269	134	0
144129	15158	268	134	0
144130	15206	267	135	0
144131	15279	266	135	0
144132	15347	266	135	0
144133	15406	265	135	0
144134	15469	265	135	0
144135	15534	264	135	0
144136	15594	263	135	0
144137	15661	262	136	0
144138	15720	261	136	0
144139	15776	259	136	0
144140	15831	259	136	0
144141	15900	259	136	0
144142	15959	259	136	0
144143	16024	259	136	0
144144	16116	259	136	0
144145	16186	255	137	0
144146	16251	254	137	0
144147	16334	253	137	0
144148	16398	250	137	0
144149	16451	248	137	0
144150	16515	247	137	0
144151	16570	243	138	0
144152	16648	242	138	0
144153	16731	240	139	0
144154	16786	239	140	0
144155	16856	238	140	0
144156	16916	237	140	0
144157	16982	237	140	0
144158	17067	237	140	0
144159	17122	235	141	0
144160	17188	235	141	0
144161	17246	234	141	0
144162	17306	232	141	0
144163	17359	231	141	0
144164	17417	227	142	0
144165	17503	225	142	0
144166	17573	222	142	0
144167	17635	217	142	0
144168	17705	215	142	0
144169	17768	212	143	0
144170	17813	209	143	0
144171	17875	207	143	0
144172	17940	205	143	0
144173	18008	204	143	0
144174	18070	202	144	0
144175	18145	200	144	0
144176	18207	197	144	0
144177	18273	194	144	0
144178	18331	192	144	0
144179	18407	191	143	0
144180	18475	188	143	0
144181	18537	188	143	0
144182	18578	185	142	0
144183	18630	185	142	0
144184	18686	185	142	0
144185	18763	184	142	0
144186	18828	182	142	0
144187	18884	182	142	0
144188	18942	182	142	0
144189	18990	182	142	0
144190	19047	182	142	0
144191	19133	182	142	0
144192	19198	182	142	0
144193	19270	182	142	0
144194	19336	182	142	0
144195	19412	182	142	0
144196	19475	181	142	0
144197	19549	181	141	0
144198	19606	179	141	0
144199	19663	179	141	0
144200	19713	179	141	0
144201	19771	178	141	0
144202	19823	178	141	0
144203	19879	177	140	0
144204	19942	176	140	0
144205	20005	175	139	0
144206	20070	173	138	0
144207	20138	172	138	0
144208	20217	172	138	0
144209	20275	170	136	0
144210	20341	168	135	0
144211	20435	168	135	0
144212	20502	167	134	0
144213	20568	166	134	0
144214	20652	165	133	0
144215	20709	165	133	0
144216	20773	164	132	0
144217	20839	163	131	0
144218	20913	161	130	0
144219	20977	160	129	0
144220	21044	159	128	0
144221	21140	157	126	0
144222	21208	156	126	0
144223	21269	156	125	0
144224	21334	156	125	0
144225	21378	154	124	0
144226	21445	154	124	0
144227	21510	154	124	0
144228	21578	153	124	0
144229	21642	153	124	0
144230	21707	153	124	0
144231	21759	154	124	0
144232	21815	154	124	0
144233	21878	154	124	0
144234	21941	154	124	0
144235	22008	154	124	0
144236	22071	153	124	0
144237	22152	153	123	0
144238	22227	153	123	0
144239	22298	153	123	0
144240	22358	153	123	0
144241	22448	153	123	0
144242	22563	153	122	0
144243	22642	152	120	0
144244	22741	152	119	0
144245	22827	152	118	0
144246	22900	152	118	0
144247	22970	151	116	0
144248	23043	150	113	0
144249	23116	149	112	0
144250	23176	149	110	0
144251	23241	148	108	0
144252	23322	148	106	0
144253	23401	147	105	0
144254	23452	147	104	0
144255	23531	147	102	0
144256	23586	147	100	0
144257	23674	147	98	0
144258	23735	147	95	0
144259	23790	147	92	0
144260	23836	147	89	0
144261	23899	147	88	0
144262	23954	147	87	0
144263	24014	147	85	0
144264	24100	147	83	0
144265	24166	147	80	0
144266	24234	147	78	0
144267	24314	147	77	0
144268	24362	147	74	0
144269	24424	147	73	0
144270	24500	147	71	0
144271	24558	148	68	0
144272	24620	148	66	0
144273	24675	148	66	0
144274	24737	148	65	0
144275	24803	148	64	0
144276	24867	148	63	0
144277	24933	149	62	0
144278	25002	150	61	0
144279	25066	151	59	0
144280	25147	152	58	0
144281	25236	152	58	0
144282	25303	152	58	0
144283	25371	153	58	0
144284	25448	154	56	0
144285	25517	154	55	0
144286	25573	155	55	0
144287	25637	155	55	0
144288	25699	156	55	0
144289	25772	156	54	0
144290	25861	158	53	0
144291	25907	159	53	0
144292	25974	159	53	0
144293	26040	160	52	0
144294	26106	161	51	0
144295	26187	162	50	0
144296	26246	163	50	0
144297	26299	163	50	0
144298	26354	164	49	0
144299	26421	164	48	0
144300	26491	165	48	0
144301	26551	167	48	0
144302	26605	167	48	0
144303	26667	169	47	0
144304	26779	169	47	0
144305	26833	169	47	0
144306	26900	169	47	0
144307	26969	169	47	0
144308	27036	169	47	0
144309	27137	169	47	0
144310	27206	169	47	0
144311	27278	169	48	0
144312	27367	169	48	0
144313	27461	169	49	0
144314	27538	169	51	0
144315	27601	169	53	0
144316	27687	169	53	0
144317	27757	168	54	0
144318	27829	168	55	0
144319	27914	169	57	0
144320	27971	170	58	0
144321	28041	170	59	0
144322	28135	170	62	0
144323	28231	171	64	0
144324	28326	172	67	0
144325	28372	172	69	0
144326	28446	172	70	0
144327	28535	172	71	0
144328	28617	172	73	0
144329	28688	172	76	0
144330	28735	172	77	0
144331	28824	173	78	0
144332	28898	172	78	0
144333	28966	173	80	0
144334	29061	174	82	0
144335	29132	174	83	0
144336	29206	174	84	0
144337	29268	174	85	0
144338	29330	175	86	0
144339	29389	175	86	0
144340	29487	175	87	0
144341	29570	176	88	0
144342	29630	176	89	0
144343	29721	176	89	0
144344	29793	176	89	0
144345	29867	176	90	0
144346	29927	175	90	0
144347	30000	176	91	0
144348	30065	176	91	0
144349	30134	176	92	0
144350	30222	176	92	0
144351	30269	176	92	0
144352	30358	176	93	0
144353	30428	175	93	0
144354	30491	175	93	0
144355	30552	175	94	0
144356	30632	175	94	0
144357	30697	175	94	0
144358	30779	175	94	0
144359	30841	175	94	0
144360	30918	175	94	0
144361	30999	175	95	0
144362	31063	175	96	0
144363	31156	175	96	0
144364	31233	175	98	0
144365	31293	175	98	0
144366	31354	175	98	0
144367	31405	175	98	0
144368	31500	175	98	0
144369	31577	175	98	0
144370	31662	174	98	0
144371	31732	174	98	0
144372	31804	173	98	0
144373	31888	173	100	0
144374	31952	172	100	0
144375	32029	172	100	0
144376	32089	172	101	0
144377	32159	172	101	0
144378	32227	172	102	0
144379	32281	171	103	0
144380	32341	170	105	0
144381	32397	170	105	0
144382	32463	170	106	0
144383	32529	170	107	0
144384	32599	170	108	0
144385	32657	170	110	0
144386	32722	170	111	0
144387	32791	170	112	0
144388	32859	170	113	0
144389	32928	170	113	0
144390	32997	170	113	0
144391	33063	170	112	0
144392	33124	170	113	0
144393	33189	169	113	0
144394	33274	169	113	0
144395	33349	169	113	0
144396	33418	169	113	0
144397	33479	169	113	0
144398	33533	169	113	0
144399	33624	169	113	0
144400	33688	169	113	0
144401	33731	169	113	0
144402	33798	169	113	0
144403	33868	169	113	0
144404	33947	169	113	0
144405	34003	169	113	0
144406	34063	169	113	0
144407	34127	169	113	0
144408	34199	169	113	0
144409	34255	169	113	0
144410	34320	169	113	0
144411	34392	169	113	0
144412	34485	169	113	0
144413	34533	169	113	0
144414	34627	169	113	0
144415	34697	169	113	0
144416	34757	169	113	0
144417	34828	169	113	0
144418	34894	169	113	0
144419	34957	169	113	0
144420	35019	169	113	0
144421	35084	169	113	0
144422	35153	169	113	0
144423	35217	169	113	0
144424	35287	169	113	0
144425	35352	169	113	0
144426	35425	169	113	0
144427	35518	169	113	0
144428	35577	169	113	0
144429	35632	169	113	0
144430	35717	169	113	0
144431	35765	169	113	0
144432	35861	169	113	0
144433	35929	169	113	0
144434	35990	169	113	0
144435	36085	169	113	0
144436	36151	169	113	0
144437	36197	169	113	0
144438	36262	169	113	0
144439	36332	169	113	0
144440	36397	169	113	0
144441	36488	169	113	0
144442	36559	169	113	0
144443	36627	169	113	0
144444	36695	169	113	0
144445	36758	169	113	0
144446	36828	169	113	0
144447	36894	169	113	0
144448	36965	169	114	0
144449	37017	170	115	0
144450	37086	170	115	0
144451	37143	170	118	0
144452	37198	170	119	0
144453	37288	170	120	0
144454	37381	170	123	0
144455	37424	170	125	0
144456	37496	170	127	0
144457	37576	171	131	0
144458	37653	172	134	0
144459	37720	172	135	0
144460	37790	172	139	0
144461	37857	172	141	0
144462	37926	172	143	0
144463	37994	172	145	0
144464	38094	172	146	0
144465	38180	172	149	0
144466	38239	172	151	0
144467	38313	172	152	0
144468	38364	172	153	0
144469	38454	172	155	0
144470	38552	173	158	0
144471	38606	174	161	0
144472	38660	174	163	0
144473	38710	175	164	0
144474	38760	175	165	0
144475	38854	175	166	0
144476	38924	175	168	0
144477	38991	176	171	0
144478	39049	176	173	0
144479	39120	176	174	0
144480	39160	177	176	0
144481	39229	177	177	0
144482	39319	178	180	0
144483	39412	178	183	0
144484	39508	179	186	0
144485	39596	180	190	0
144486	39692	180	191	0
144487	39784	180	193	0
144488	39863	181	195	0
144489	39964	181	198	0
144490	40090	182	201	0
144491	40212	183	205	0
144492	40277	183	208	0
144493	40364	184	210	0
144494	40425	184	213	0
144495	40520	184	214	0
144496	40614	185	217	0
144497	40716	186	221	0
144498	40797	187	224	0
144499	40894	187	227	0
144500	40982	188	232	0
144501	41090	189	236	0
144502	41147	190	243	0
144503	41222	190	245	0
144504	41316	191	247	0
144505	41417	191	250	0
144506	41522	192	255	0
144507	41624	192	258	0
144508	41709	192	263	0
144509	41768	192	268	0
144510	41838	192	270	0
144511	41910	192	275	0
144512	41996	193	277	0
144513	42089	193	282	0
144514	42183	194	288	0
144515	42284	195	293	0
144516	42417	196	298	0
144517	42515	196	301	0
144518	42616	197	308	0
144519	42678	199	313	0
144520	42779	199	317	0
144521	42856	200	320	0
144522	43024	200	326	0
144523	43080	201	334	0
144524	43148	202	338	0
144525	43193	202	341	0
144526	43356	202	343	0
144527	43447	204	352	0
144528	43507	204	356	0
144529	43615	205	360	0
144530	43712	205	363	0
144531	43849	207	370	0
144532	43940	208	377	0
144533	44015	208	381	0
144534	44089	209	386	0
144535	44217	209	388	0
144536	44309	211	396	0
144537	44392	212	404	0
144538	44488	212	410	0
144539	44579	215	420	0
144540	44645	215	426	0
144541	44708	216	431	0
144542	44772	217	436	0
144543	44857	218	440	0
144544	44952	218	444	0
144545	45015	219	447	0
144546	45142	218	447	0
144547	45253	218	447	0
144548	45357	218	447	0
144549	45449	218	447	0
144550	45511	218	447	0
144551	45611	218	446	0
144552	45769	218	446	0
144553	45883	216	447	0
144554	46018	216	448	0
144555	46082	216	448	0
144556	46151	216	448	0
144557	46254	216	448	0
144558	46323	216	448	0
144559	46437	217	447	0
144560	46544	217	447	0
144561	46621	217	447	0
144562	46714	216	447	0
144563	46805	216	447	0
144564	46883	216	447	0
144565	46981	217	447	0
144566	47076	217	447	0
144567	47147	217	448	0
144568	47246	217	447	0
144569	47322	217	447	0
144570	47384	217	447	0
144571	47477	217	447	0
144572	47574	217	448	0
144573	47672	218	448	0
144574	47780	218	448	0
144575	47880	220	449	0
144576	48011	221	449	0
144577	48115	221	450	0
144578	48247	221	449	0
144579	48340	220	449	0
144580	48406	221	450	0
144581	48501	221	450	0
144582	48563	221	450	0
144583	48644	221	450	0
144584	48701	221	450	0
144585	48742	221	450	0
144586	48837	221	450	0
144587	48920	221	451	0
144588	48996	221	451	0
144589	49097	221	451	0
144590	49204	221	451	0
144591	49278	221	450	0
144592	49378	221	447	0
144593	49443	220	447	0
144594	49551	218	446	0
144595	49604	218	445	0
144596	49702	217	445	0
144597	49781	216	445	0
144598	49851	215	445	0
144599	49912	215	445	0
144600	50017	215	444	0
144601	50077	214	444	0
144602	50179	214	444	0
144603	50285	214	443	0
144604	50372	214	443	0
144605	50472	214	442	0
144606	50554	214	442	0
144607	50632	214	442	0
144608	50707	214	442	0
144609	50840	214	442	0
144610	50902	214	441	0
144611	50970	214	441	0
144612	51046	214	441	0
144613	51130	213	441	0
144614	51205	213	441	0
144615	51269	213	441	0
144616	51332	213	440	0
144617	51391	213	440	0
144618	51486	213	440	0
144619	51581	212	440	0
144620	51671	212	440	0
144621	51785	212	440	0
144622	51872	212	440	0
144623	51975	212	440	0
144624	52071	212	440	0
144625	52202	212	440	0
144626	52308	211	439	0
144627	52373	211	439	0
144628	52437	211	439	0
144629	52531	210	438	0
144630	52632	208	438	0
144631	52702	207	438	0
144632	52739	207	438	0
144633	52814	207	438	0
144634	52911	207	437	0
144635	53028	207	437	0
144636	53101	207	437	0
144637	53210	207	437	0
144638	53305	207	437	0
144639	53366	207	437	0
144640	53438	207	437	0
144641	53527	207	437	0
144642	53641	207	437	0
144643	53776	207	437	0
144644	53871	207	437	0
144645	53982	207	436	0
144646	54109	207	433	0
144647	54184	208	429	0
144648	54304	208	427	0
144649	54396	208	421	0
144650	54468	208	418	0
144651	54532	209	414	0
144652	54634	209	413	0
144653	54732	210	408	0
144654	54842	210	404	0
144655	54934	210	399	0
144656	55027	210	397	0
144657	55106	211	392	0
144658	55217	211	390	0
144659	55310	211	383	0
144660	55366	212	379	0
144661	55439	212	376	0
144662	55536	212	373	0
144663	55597	212	371	0
144664	55680	212	367	0
144665	55766	212	362	0
144666	55862	212	358	0
144667	55936	212	354	0
144668	56059	212	349	0
144669	56161	212	344	0
144670	56224	212	338	0
144671	56297	212	335	0
144672	56398	212	333	0
144673	56487	212	328	0
144674	56565	212	323	0
144675	56692	212	317	0
144676	56801	212	312	0
144677	56938	213	305	0
144678	57028	213	297	0
144679	57095	213	291	0
144680	57172	213	287	0
144681	57270	213	285	0
144682	57343	213	280	0
144683	57433	213	275	0
144684	57534	213	268	0
144685	57702	213	263	0
144686	57798	213	252	0
144687	57874	213	247	0
144688	57972	213	241	0
144689	58072	213	234	0
144690	58168	212	227	0
144691	58291	212	221	0
144692	58392	211	210	0
144693	58436	211	205	0
144694	58500	211	200	0
144695	58565	211	194	0
144696	58692	211	190	0
144697	58763	211	182	0
144698	58866	211	174	0
144699	58955	212	170	0
144700	59017	212	159	0
144701	59105	212	156	0
144702	59205	212	146	0
144703	59366	213	137	0
144704	59460	213	126	0
144705	59531	213	118	0
144706	59589	214	111	0
144707	59651	214	106	0
144708	59735	214	103	0
144709	59806	215	94	0
144710	59924	215	92	0
144711	59990	215	91	0
144712	60053	215	88	0
144713	60135	215	87	0
144714	60230	215	83	0
144715	60333	216	79	0
144716	60443	217	70	0
144717	60539	217	61	0
144718	60605	216	53	0
144719	60731	216	46	0
144720	60821	217	35	0
144721	60931	217	35	0
144722	61008	217	36	0
144723	61102	217	37	0
144724	61222	217	37	0
144725	61298	217	38	0
144726	61396	216	37	0
144727	61497	215	35	0
144728	61569	215	35	0
144729	61674	215	36	0
144730	61760	216	37	0
144731	61833	217	37	0
144732	61989	219	38	0
144733	62093	222	41	0
144734	62171	225	42	0
144735	62269	227	44	0
144736	62361	231	46	0
144737	62456	236	49	0
144738	62527	241	50	0
144739	62599	244	50	0
144740	62692	249	50	0
144741	62756	259	51	0
144742	62820	262	51	0
144743	62927	270	53	0
144744	63022	274	54	0
144745	63123	286	59	0
144746	63209	292	61	0
144747	63324	297	61	0
144748	63390	310	64	0
144749	63433	317	66	0
144750	63525	319	67	0
144751	63621	326	69	0
144752	63693	337	72	0
144753	63805	342	73	0
144754	63886	347	74	0
144755	63922	349	74	0
144756	63998	350	75	0
144757	64091	353	77	0
144758	64199	355	82	0
144759	64262	358	88	0
144760	64333	361	93	0
144761	64424	362	94	0
144762	64487	368	103	0
144763	64567	373	108	0
144764	64656	375	110	0
144765	64701	375	108	0
144766	64819	376	107	0
144767	64953	376	106	0
144768	65013	375	98	0
144769	65159	374	96	0
144770	65230	374	85	0
144771	65337	374	79	0
144772	65435	374	74	0
144773	65498	373	73	0
144774	65597	371	71	0
144775	65657	366	65	0
144776	65780	364	63	0
144777	65971	358	58	0
144778	66059	355	57	0
144779	66156	347	53	0
144780	66254	343	51	0
144781	66327	341	51	0
144782	66490	335	48	0
144783	66597	329	44	0
144784	66714	326	43	0
144785	66792	323	41	0
144786	66885	322	41	0
144787	66966	322	41	0
144788	67063	321	41	0
144789	67251	320	41	0
144790	67352	318	43	0
144791	67414	318	44	0
144792	67501	317	45	0
144793	67557	315	46	0
144794	67689	314	46	0
144795	67782	307	46	0
144796	67851	301	42	0
144797	67947	298	41	0
144798	68018	293	39	0
144799	68086	290	37	0
144800	68186	287	36	0
144801	68293	287	38	0
144802	68455	287	39	0
144803	68582	288	44	0
144804	68693	286	49	0
144805	68775	287	51	0
144806	68867	285	53	0
144807	68983	285	53	0
144808	69052	285	53	0
144809	69153	285	53	0
144810	69260	285	53	0
144811	69343	285	53	0
144812	69411	285	53	0
144813	69469	285	53	0
144814	69530	285	53	0
144815	69637	285	53	0
144816	69718	284	53	0
144817	69812	284	53	0
144818	69885	284	53	0
144819	69958	284	53	0
144820	70102	285	53	0
144821	70253	285	53	0
144822	70350	285	53	0
144823	70425	285	53	0
144824	70527	285	53	0
144825	70625	285	53	0
144826	70723	285	53	0
144827	70793	285	53	0
144828	70894	285	53	0
144829	70982	285	53	0
144830	71076	285	53	0
144831	71146	285	53	0
144832	71185	285	53	0
144833	71252	285	53	0
144834	71317	285	53	0
144835	71381	285	53	0
144836	71478	285	53	0
144837	71558	285	53	0
144838	71636	285	53	0
144839	71708	285	53	0
144840	71781	286	53	0
144841	71849	286	53	0
144842	71944	287	53	0
144843	72038	286	53	0
144844	72152	286	53	0
144845	72217	285	54	0
144846	72310	285	54	0
144847	72409	285	54	0
144848	72484	285	54	0
144849	72549	285	54	0
144850	72621	285	54	0
144851	72714	285	54	0
144852	72815	285	54	0
144853	72890	285	54	0
144854	72950	285	54	0
144855	73023	285	54	0
144856	73119	285	54	0
144857	73214	285	54	0
144858	73281	285	54	0
144859	73348	285	54	0
144860	73421	285	54	0
144861	73502	285	54	0
144862	73567	285	54	0
144863	73650	285	54	0
144864	73756	285	54	0
144865	73836	285	54	0
144866	73896	285	54	0
144867	73976	285	54	0
144868	74054	285	54	0
144869	74148	285	54	0
144870	74224	285	54	0
144871	74307	285	54	0
144872	74431	285	54	0
144873	74503	285	54	0
144874	74580	285	54	0
144875	74641	285	54	0
144876	74697	285	54	0
144877	74778	285	54	0
144878	74879	285	54	0
144879	74946	285	54	0
144880	75007	285	54	0
144881	75047	285	54	0
144882	75116	285	54	0
144883	75206	285	54	0
144884	75283	285	54	0
144885	75353	285	54	0
144886	75467	285	54	0
144887	75526	285	54	0
144888	75580	285	54	0
144889	75667	285	54	0
144890	75735	285	54	0
144891	75807	285	54	0
144892	75870	285	54	0
144893	75934	285	54	0
144894	75980	285	54	0
144895	76082	285	54	0
144896	76144	285	54	0
144897	76215	285	54	0
144898	76279	285	54	0
144899	76345	285	54	0
144900	76414	285	54	0
144901	76479	285	54	0
144902	76562	285	54	0
144903	76621	285	54	0
144904	76710	285	54	0
144905	76780	285	54	0
144906	76858	285	54	0
144907	76940	285	54	0
144908	77011	285	55	0
144909	77075	285	57	0
144910	77143	285	59	0
144911	77213	285	60	0
144912	77290	286	60	0
144913	77352	286	60	0
144914	77443	285	61	0
144915	77506	285	61	0
144916	77571	285	61	0
144917	77633	285	61	0
144918	77689	285	61	0
144919	77746	285	61	0
144920	77810	285	60	0
144921	77882	285	60	0
144922	77962	285	60	0
144923	78022	285	60	0
144924	78069	285	60	0
144925	78152	285	60	0
144926	78210	285	60	0
144927	78277	285	60	0
144928	78371	285	60	0
144929	78438	285	60	0
144930	78512	285	60	0
144931	78601	285	60	0
144932	78681	285	60	0
144933	78740	285	60	0
144934	78800	285	60	0
144935	78865	285	60	0
144936	78933	285	60	0
144937	78998	285	60	0
144938	79068	285	60	0
144939	79127	285	60	0
144940	79181	285	60	0
144941	79272	285	60	0
144942	79362	285	60	0
144943	79436	285	60	0
144944	79501	285	60	0
144945	79574	285	60	0
144946	79646	285	60	0
144947	79731	285	60	0
144948	79795	285	60	0
144949	79858	285	60	0
144950	79918	285	60	0
144951	79976	285	60	0
144952	80044	285	60	0
144953	80123	285	60	0
144954	80197	285	60	0
144955	80264	285	60	0
144956	80317	285	60	0
144957	80375	285	60	0
144958	80465	286	60	0
144959	80533	286	60	0
144960	80603	286	60	0
144961	80681	286	60	0
144962	80744	286	60	0
144963	80815	286	60	0
144964	80921	286	60	0
144965	80976	286	60	0
144966	81041	286	60	0
144967	81108	286	60	0
144968	81170	286	60	0
144969	81240	286	60	0
144970	81355	286	60	0
144971	81422	286	60	0
144972	81473	286	60	0
144973	81538	286	60	0
144974	81659	286	60	0
144975	81731	286	60	0
144976	81798	286	60	0
144977	81872	286	60	0
144978	81932	286	60	0
144979	81975	286	60	0
144980	82035	286	60	0
144981	82099	286	60	0
144982	82161	286	60	0
144983	82229	286	60	0
144984	82274	286	60	0
144985	82345	286	60	0
144986	82425	286	60	0
144987	82502	286	60	0
144988	82583	286	60	0
144989	82662	286	60	0
144990	82728	286	60	0
144991	82806	286	60	0
144992	82894	286	60	0
144993	82968	286	60	0
144994	83043	286	60	0
144995	83131	286	60	0
144996	83198	286	60	0
144997	83268	286	60	0
144998	83341	286	60	0
144999	83419	286	60	0
145000	83480	286	60	0
145001	83536	286	60	0
145002	83638	286	60	0
145003	83722	286	60	0
145004	83796	286	60	0
145005	83863	286	60	0
145006	83941	286	60	0
145007	84012	286	60	0
145008	84107	286	60	0
145009	84173	286	60	0
145010	84263	286	60	0
145011	84339	286	60	0
145012	84408	286	60	0
145013	84494	286	60	0
145014	84552	286	60	0
145015	84631	286	60	0
145016	84697	286	60	0
145017	84768	286	60	0
145018	84845	286	60	0
145019	85000	286	60	0
145020	85094	286	60	0
145021	85170	286	60	0
145022	85229	286	60	0
145023	85271	286	60	0
145024	85367	286	60	0
145025	85435	286	60	0
145026	85526	286	60	0
145027	85569	286	60	0
145028	85636	286	60	0
145029	85704	286	60	0
145030	85775	286	60	0
145031	85863	286	60	0
145032	85959	286	60	0
145033	86011	286	60	0
145034	86080	286	60	0
145035	86158	286	60	0
145036	86229	286	60	0
145037	86301	286	60	0
145038	86405	286	60	0
145039	86496	286	60	0
145040	86598	286	60	0
145041	86698	286	60	0
145042	86832	286	60	0
145043	86902	287	60	0
145044	86973	287	60	0
145045	87032	287	60	0
145046	87093	287	60	0
145047	87157	286	60	0
145048	87220	287	60	0
145049	87291	286	60	0
145050	87336	286	60	0
145051	87399	287	60	0
145052	87465	286	60	0
145053	87591	286	60	0
145054	87673	287	60	0
145055	87769	287	60	0
145056	87868	287	60	0
145057	87967	287	60	0
145058	88066	287	60	0
145059	88138	287	60	0
145060	88236	287	60	0
145061	88323	287	60	0
145062	88391	287	60	0
145063	88564	287	60	0
145064	88662	287	60	0
145065	88758	287	60	0
145066	88821	287	60	0
145067	88866	287	60	0
145068	88965	287	60	0
145069	89061	287	60	0
145070	89128	287	60	0
145071	89190	287	60	0
145072	89289	287	60	0
145073	89328	287	60	0
145074	89406	286	60	0
145075	89518	287	60	0
145076	89589	287	60	0
145077	89667	287	60	0
145078	89803	287	60	0
145079	89903	287	60	0
145080	89997	286	60	0
145081	90072	287	60	0
145082	90166	287	60	0
145083	90241	287	60	0
145084	90326	286	60	0
145085	90373	286	60	0
145086	90455	286	60	0
145087	90561	286	60	0
145088	90700	286	60	0
145089	90800	286	60	0
145090	90894	286	60	0
145091	90997	286	60	0
145092	91094	286	60	0
145093	91200	286	60	0
145094	91276	286	60	0
145095	91360	286	60	0
145096	91434	287	60	0
145097	91525	286	60	0
145098	91598	286	60	0
145099	91675	286	60	0
145100	91763	286	60	0
145101	91864	286	60	0
145102	91958	286	60	0
145103	92043	286	60	0
145104	92115	286	60	0
145105	92160	286	60	0
145106	92220	286	60	0
145107	92330	286	60	0
145108	92431	286	60	0
145109	92518	286	60	0
145110	92601	287	60	0
145111	92692	286	60	0
145112	92788	286	60	0
145113	92886	286	60	0
145114	92954	286	60	0
145115	93018	286	60	0
145116	93082	286	60	0
145117	93156	286	60	0
145118	93220	286	60	0
145119	93319	287	60	0
145120	93402	287	60	0
145121	93503	286	60	0
145122	93596	286	60	0
145123	93677	286	60	0
145124	93771	286	60	0
145125	93895	286	60	0
145126	93987	286	60	0
145127	94088	286	60	0
145128	94182	286	60	0
145129	94223	286	60	0
145130	94297	286	60	0
145131	94418	286	60	0
145132	94485	286	60	0
145133	94633	286	60	0
145134	94760	286	60	0
145135	94854	286	60	0
145136	94920	286	60	0
145137	95015	286	60	0
145138	95065	286	60	0
145139	95156	286	60	0
145140	95219	286	60	0
145141	95307	286	60	0
145142	95380	286	60	0
145143	95461	286	60	0
145144	95560	286	60	0
145145	95654	286	60	0
145146	95747	286	60	0
145147	95822	286	60	0
145148	95915	286	60	0
145149	95988	286	60	0
145150	96053	286	60	0
145151	96126	286	60	0
145152	96219	287	60	0
145153	96288	287	60	0
145154	96367	286	60	0
145155	96456	286	60	0
145156	96554	287	60	0
145157	96665	287	60	0
145158	96757	287	60	0
145159	96829	287	60	0
145160	96914	286	60	0
145161	97016	286	60	0
145162	97187	286	60	0
145163	97256	287	60	0
145164	97380	287	60	0
145165	97445	287	60	0
145166	97549	287	60	0
145167	97621	287	60	0
145168	97708	286	60	0
145169	97801	287	60	0
145170	97884	286	61	0
145171	97986	286	60	0
145172	98123	287	60	0
145173	98214	287	60	0
145174	98310	287	60	0
145175	98353	286	61	0
145176	98424	286	61	0
145177	98487	286	61	0
145178	98550	286	61	0
145179	98649	286	61	0
145180	98709	286	61	0
145181	98754	286	60	0
145182	98854	287	60	0
145183	98920	286	60	0
145184	99008	286	60	0
145185	99108	286	60	0
145186	99230	287	60	0
145187	99291	287	60	0
145188	99417	287	60	0
145189	99543	286	60	0
145190	99592	286	60	0
145191	99726	287	60	0
145192	99823	286	61	0
145193	99883	286	60	0
145194	99987	286	60	0
145195	100118	286	61	0
145196	100220	286	60	0
145197	100311	287	60	0
145198	100418	286	60	0
145199	100519	286	60	0
145200	100643	286	60	0
145201	100745	286	60	0
145202	100853	286	60	0
145203	100957	286	60	0
145204	101024	286	60	0
145205	101107	286	60	0
145206	101194	286	60	0
145207	101293	286	60	0
145208	101360	286	60	0
145209	101449	286	60	0
145210	101548	286	60	0
145211	101641	286	60	0
145212	101757	286	60	0
145213	101847	287	60	0
145214	101972	287	60	0
145215	102027	286	60	0
145216	102085	286	60	0
145217	102184	286	60	0
145218	102310	286	60	0
145219	102374	287	60	0
145220	102484	286	60	0
145221	102580	286	60	0
145222	102680	286	60	0
145223	102772	286	60	0
145224	102837	286	60	0
145225	102917	286	60	0
145226	103011	286	60	0
145227	103099	286	60	0
145228	103165	286	60	0
145229	103232	286	60	0
145230	103290	286	60	0
145231	103381	286	60	0
145232	103447	286	60	0
145233	103549	286	60	0
145234	103608	286	60	0
145235	103689	286	60	0
145236	103754	286	60	0
145237	103837	286	60	0
145238	103898	286	60	0
145239	103973	286	60	0
145240	104070	286	60	0
145241	104131	286	60	0
145242	104225	286	60	0
145243	104342	286	60	0
145244	104442	286	60	0
145245	104511	286	60	0
145246	104577	286	60	0
145247	104634	286	60	0
145248	104713	286	60	0
145249	104777	286	60	0
145250	104858	286	60	0
145251	104924	286	60	0
145252	104980	286	60	0
145253	105082	286	60	0
145254	105177	286	60	0
145255	105270	287	60	0
145256	105313	287	60	0
145257	105380	287	60	0
145258	105520	286	61	0
145259	105608	286	61	0
145260	105673	286	61	0
145261	105750	286	61	0
145262	105857	286	61	0
145263	105972	286	61	0
145264	106039	286	61	0
145265	106131	286	61	0
145266	106185	286	61	0
145267	106263	286	61	0
145268	106352	286	61	0
145269	106406	286	61	0
145270	106508	286	61	0
145271	106570	286	61	0
145272	106614	286	61	0
145273	106684	286	61	0
145274	106773	286	61	0
145275	106837	286	61	0
145276	106910	286	61	0
145277	106982	286	61	0
145278	107109	286	61	0
145279	107174	286	61	0
145280	107241	286	61	0
145281	107328	286	61	0
145282	107408	286	61	0
145283	107478	286	61	0
145284	107577	286	61	0
145285	107711	286	61	0
145286	107779	286	61	0
145287	107841	286	61	0
145288	107916	286	61	0
145289	108015	286	61	0
145290	108104	286	61	0
145291	108162	286	61	0
145292	108219	286	61	0
145293	108312	286	61	0
145294	108415	286	61	0
145295	108504	286	61	0
145296	108596	286	61	0
145297	108718	286	61	0
145298	108806	286	61	0
145299	108964	286	61	0
145300	109075	286	61	0
145301	109182	286	61	0
145302	109271	286	61	0
145303	109335	286	61	0
145304	109441	286	61	0
145305	109544	286	61	0
145306	109636	286	61	0
145307	109703	286	61	0
145308	109783	286	61	0
145309	109871	286	61	0
145310	109936	286	61	0
145311	109974	286	61	0
145312	110039	286	61	0
145313	110188	286	61	0
145314	110275	286	61	0
145315	110374	286	61	0
145316	110437	286	61	0
145317	110531	286	61	0
145318	110630	286	61	0
145319	110718	286	61	0
145320	110807	286	61	0
145321	110904	286	61	0
145322	110997	286	61	0
145323	111107	286	61	0
145324	111207	286	61	0
145325	111301	286	61	0
145326	111365	286	61	0
145327	111463	286	61	0
145328	111514	286	61	0
145329	111603	286	61	0
145330	111695	286	61	0
145331	111790	286	61	0
145332	111835	286	61	0
145333	111935	286	61	0
145334	112069	286	61	0
145335	112202	286	61	0
145336	112307	286	61	0
145337	112374	286	61	0
145338	112460	286	61	0
145339	112561	286	61	0
145340	112661	286	61	0
145341	112718	286	61	0
145342	112802	286	61	0
145343	112904	286	61	0
145344	112987	286	61	0
145345	113062	286	61	0
145346	113170	286	61	0
145347	113298	286	61	0
145348	113397	286	61	0
145349	113527	286	61	0
145350	113602	286	61	0
145351	113701	286	61	0
145352	113801	286	61	0
145353	113929	286	61	0
145354	114042	286	61	0
145355	114101	287	61	0
145356	114176	287	61	0
145357	114269	287	61	0
145358	114362	287	61	0
145359	114466	287	61	0
145360	114535	286	61	0
145361	114627	286	61	0
145362	114720	286	62	0
145363	114872	286	62	0
145364	114979	286	62	0
145365	115065	286	61	0
145366	115159	286	61	0
145367	115265	286	62	0
145368	115365	286	62	0
145369	115428	286	61	0
145370	115524	286	62	0
145371	115602	286	62	0
145372	115666	286	62	0
145373	115764	286	62	0
145374	115862	288	64	0
145375	115965	288	66	0
145376	116059	288	68	0
145377	116136	288	69	0
145378	116235	289	70	0
145379	116324	289	70	0
145380	116421	289	70	0
145381	116531	289	70	0
145382	116618	289	70	0
145383	116691	289	70	0
145384	116758	289	70	0
145385	116830	289	70	0
145386	116915	289	70	0
145387	116995	289	70	0
145388	117132	289	70	0
145389	117260	289	70	0
145390	117364	289	70	0
145391	117460	289	70	0
145392	117524	289	70	0
145393	117616	289	70	0
145394	117731	289	70	0
145395	117805	289	70	0
145396	117924	289	70	0
145397	118067	289	70	0
145398	118164	289	70	0
145399	118324	289	70	0
145400	118388	289	70	0
145401	118504	289	70	0
145402	118567	289	70	0
145403	118659	289	70	0
145404	118730	289	70	0
145405	118823	289	70	0
145406	118925	289	70	0
145407	118999	289	70	0
145408	119096	289	70	0
145409	119196	289	70	0
145410	119291	289	70	0
145411	119395	289	70	0
145412	119494	289	70	0
145413	119555	289	70	0
145414	119618	289	70	0
145415	119708	289	70	0
145416	119808	289	70	0
145417	119895	289	70	0
145418	119957	289	70	0
145419	120024	289	70	0
145420	120083	289	70	0
145421	120157	289	70	0
145422	120223	289	70	0
145423	120326	289	70	0
145424	120399	289	70	0
145425	120487	289	70	0
145426	120562	289	70	0
145427	120691	289	70	0
145428	120775	289	70	0
145429	120884	289	70	0
145430	120962	289	70	0
145431	121070	289	70	0
145432	121191	289	70	0
145433	121273	289	70	0
145434	121394	289	70	0
145435	121454	289	70	0
145436	121504	289	70	0
145437	121598	289	70	0
145438	121689	289	70	0
145439	121790	289	70	0
145440	121893	289	70	0
145441	121989	289	71	0
145442	122054	289	72	0
145443	122155	290	75	0
145444	122269	290	77	0
145445	122347	291	79	0
145446	122458	291	80	0
145447	122522	291	80	0
145448	122586	291	80	0
145449	122627	291	80	0
145450	122736	291	80	0
145451	122829	291	80	0
145452	122919	291	80	0
145453	123001	291	80	0
145454	123091	291	80	0
145455	123191	291	80	0
145456	123283	291	80	0
145457	123349	291	80	0
145458	123416	291	80	0
145459	123521	291	80	0
145460	123624	291	81	0
145461	123728	291	81	0
145462	123831	291	81	0
145463	123918	291	81	0
145464	123988	291	82	0
145465	124051	291	85	0
145466	124149	292	84	0
145467	124247	292	83	0
145468	124300	292	82	0
145469	124392	291	81	0
145470	124490	292	81	0
145471	124583	292	79	0
145472	124692	291	78	0
145473	124770	291	77	0
145474	124855	291	76	0
145475	124922	291	75	0
145476	125015	291	74	0
145477	125155	290	74	0
145478	125246	290	73	0
145479	125318	289	72	0
145480	125408	289	71	0
145481	125476	289	70	0
145482	125561	289	70	0
145483	125656	289	70	0
145484	125769	289	70	0
145485	125846	289	70	0
145486	125919	288	69	0
145487	125985	288	68	0
145488	126063	288	67	0
145489	126150	287	65	0
145490	126246	286	63	0
145491	126357	285	61	0
145492	126451	285	60	0
145493	126518	285	56	0
145494	126613	284	56	0
145495	126677	283	52	0
145496	126753	282	50	0
145497	126853	282	49	0
145498	126945	282	47	0
145499	127031	282	47	0
145500	127109	281	47	0
145501	127183	281	46	0
145502	127382	281	45	0
145503	127445	280	42	0
145504	127524	280	40	0
145505	127634	280	40	0
145506	127731	279	39	0
145507	127818	280	37	0
145508	127918	279	35	0
145509	127992	279	32	0
145510	128090	279	33	0
145511	128209	280	35	0
145512	128279	279	35	0
145513	128384	278	36	0
145514	128484	279	38	0
145515	128575	281	41	0
145516	128654	281	41	0
145517	128741	282	41	0
145518	128823	282	42	0
145519	128931	282	42	0
145520	129049	283	42	0
145521	129250	283	43	0
145522	129381	283	43	0
145523	129451	283	43	0
145524	129541	284	43	0
145525	129592	284	43	0
145526	129648	284	43	0
145527	129792	284	44	0
145528	129941	284	44	0
145529	130058	284	44	0
145530	130154	284	44	0
145531	130276	284	44	0
145532	130406	284	44	0
145533	130507	284	45	0
145534	130584	284	45	0
145535	130645	284	44	0
145536	130742	284	44	0
145537	130847	283	45	0
145538	130933	283	45	0
145539	131045	283	45	0
145540	131141	283	45	0
145541	131204	283	45	0
145542	131279	284	45	0
145543	131381	283	46	0
145544	131448	283	46	0
145545	131513	283	46	0
145546	131614	283	46	0
145547	131705	283	46	0
145548	131789	283	46	0
145549	131882	283	46	0
145550	131943	283	46	0
145551	132037	283	46	0
145552	132115	283	46	0
145553	132248	283	46	0
145554	132357	283	46	0
145555	132442	283	46	0
145556	132550	283	46	0
145557	132631	283	46	0
145558	132745	283	46	0
145559	132836	283	46	0
145560	132921	283	46	0
145561	133013	283	46	0
145562	133077	283	46	0
145563	133173	283	46	0
145564	133244	283	46	0
145565	133346	283	46	0
145566	133420	283	46	0
145567	133542	283	46	0
145568	133611	283	46	0
145569	133701	283	46	0
145570	133783	283	46	0
145571	133878	283	46	0
145572	133976	283	46	0
145573	134103	283	46	0
145574	134213	283	46	0
145575	134341	283	46	0
145576	134533	283	46	0
145577	134622	283	46	0
145578	134767	283	46	0
145579	134835	283	46	0
145580	134933	283	46	0
145581	134982	283	46	0
145582	135081	283	46	0
145583	135172	283	46	0
145584	135246	283	46	0
145585	135376	283	47	0
145586	135472	283	47	0
145587	135583	283	47	0
145588	135639	283	47	0
145589	135780	283	47	0
145590	135877	283	47	0
145591	136014	283	47	0
145592	136102	283	47	0
145593	136210	283	47	0
145594	136272	283	47	0
145595	136343	283	47	0
145596	136413	283	46	0
145597	136501	283	46	0
145598	136602	283	46	0
145599	136717	283	46	0
145600	136806	283	47	0
145601	136873	283	47	0
145602	137001	283	47	0
145603	137046	283	47	0
145604	137141	283	47	0
145605	137205	283	47	0
145606	137276	283	47	0
145607	137341	283	47	0
145608	137438	283	46	0
145609	137502	283	46	0
145610	137551	283	46	0
145611	137646	283	46	0
145612	137764	283	46	0
145613	137845	283	46	0
145614	137909	283	46	0
145615	138007	283	46	0
145616	138148	283	46	0
145617	138238	283	46	0
145618	138335	283	46	0
145619	138407	283	46	0
145620	138502	283	46	0
145621	138595	283	46	0
145622	138673	283	46	0
145623	138752	283	46	0
145624	138837	283	46	0
145625	138905	283	46	0
145626	139001	283	47	0
145627	139072	283	47	0
145628	139214	283	47	0
145629	139335	283	47	0
145630	139398	283	47	0
145631	139473	283	47	0
145632	139564	283	47	0
145633	139682	283	47	0
145634	139780	283	47	0
145635	139861	283	47	0
145636	139902	283	47	0
145637	139975	283	47	0
145638	140069	283	47	0
145639	140151	283	47	0
145640	140231	283	47	0
145641	140316	283	47	0
145642	140383	283	47	0
145643	140446	283	48	0
145644	140529	283	48	0
145645	140628	282	49	0
145646	140695	281	50	0
145647	140747	280	52	0
145648	140830	280	52	0
145649	140921	279	54	0
145650	141004	278	57	0
145651	141100	278	58	0
145652	141227	278	58	0
145653	141306	278	59	0
145654	141363	278	60	0
145655	141465	278	60	0
145656	141577	278	60	0
145657	141670	278	60	0
145658	141708	278	60	0
145659	141771	278	60	0
145660	141861	278	60	0
145661	141928	278	60	0
145662	142001	278	60	0
145663	142068	278	60	0
145664	142138	278	60	0
145665	142270	278	61	0
145666	142350	278	61	0
145667	142402	278	61	0
145668	142466	278	61	0
145669	142575	278	61	0
145670	142683	278	61	0
145671	142766	278	61	0
145672	142872	278	61	0
145673	142940	278	61	0
145674	143061	278	61	0
145675	143156	278	61	0
145676	143204	278	61	0
145677	143260	278	61	0
145678	143371	278	61	0
145679	143467	278	61	0
145680	143558	278	61	0
145681	143638	278	61	0
145682	143708	278	61	0
145683	143807	278	61	0
145684	143894	278	61	0
145685	143991	278	61	0
145686	144107	278	61	0
145687	144203	278	61	0
145688	144297	278	61	0
145689	144360	278	61	0
145690	144496	278	61	0
145691	144543	278	61	0
145692	144627	278	61	0
145693	144724	278	61	0
145694	144824	278	61	0
145695	144897	278	61	0
145696	144973	278	61	0
145697	145070	278	61	0
145698	145126	278	61	0
145699	145258	278	61	0
145700	145328	278	61	0
145701	145398	278	61	0
145702	145438	278	61	0
145703	145492	278	61	0
145704	145535	278	61	0
145705	145627	278	61	0
145706	145795	278	61	0
145707	145898	278	61	0
145708	146022	278	61	0
145709	146100	278	61	0
145710	146195	278	61	0
145711	146387	278	61	0
145712	146470	278	61	0
145713	146538	278	62	0
145714	146632	278	62	0
145715	146700	278	62	0
145716	146821	278	62	0
145717	146887	278	62	0
145718	146971	278	62	0
145719	147062	278	62	0
145720	147157	278	62	0
145721	147230	278	62	0
145722	147328	278	62	0
145723	147433	278	62	0
145724	147493	278	62	0
145725	147556	278	62	0
145726	147622	278	62	0
145727	147730	278	62	0
145728	147828	278	62	0
145729	147955	278	62	0
145730	148057	278	62	0
145731	148168	278	62	0
145732	148260	278	62	0
145733	148360	278	62	0
145734	148453	278	62	0
145735	148556	278	62	0
145736	148607	278	62	0
145737	148702	278	62	0
145738	148789	278	62	0
145739	148854	278	62	0
145740	148931	278	62	0
145741	148990	278	62	0
145742	149064	278	62	0
145743	149195	278	62	0
145744	149323	278	62	0
145745	149397	278	62	0
145746	149495	278	62	0
145747	149597	278	62	0
145748	149656	278	62	0
145749	149750	278	62	0
145750	149795	278	62	0
145751	149893	278	62	0
145752	149956	278	62	0
145753	150029	278	62	0
145754	150122	278	62	0
145755	150196	278	62	0
145756	150282	278	62	0
145757	150356	278	62	0
145758	150452	278	62	0
145759	150517	278	62	0
145760	150582	278	62	0
145761	150632	278	62	0
145762	150715	278	62	0
145763	150765	278	62	0
145764	150856	278	62	0
145765	150947	278	62	0
145766	151005	278	62	0
145767	151057	278	62	0
145768	151147	278	62	0
145769	151264	278	62	0
145770	151349	278	63	0
145771	151456	277	65	0
145772	151529	277	66	0
145773	151620	277	67	0
145774	151694	277	67	0
145775	151778	277	68	0
145776	151864	277	68	0
145777	151942	276	70	0
145778	152052	276	70	0
145779	152119	276	70	0
145780	152190	276	70	0
145781	152266	276	70	0
145782	152396	276	70	0
145783	152492	276	70	0
145784	152591	276	70	0
145785	152686	276	70	0
145786	152800	276	69	0
145787	152886	276	69	0
145788	152977	276	69	0
145789	153054	276	69	0
145790	153158	276	69	0
145791	153300	276	69	0
145792	153379	276	69	0
145793	153464	276	69	0
145794	153556	276	69	0
145795	153625	276	69	0
145796	153685	276	69	0
145797	153781	276	69	0
145798	153876	276	69	0
145799	153954	276	69	0
145800	154021	276	69	0
145801	154116	276	69	0
145802	154249	276	69	0
145803	154309	276	69	0
145804	154390	276	69	0
145805	154484	276	69	0
145806	154558	276	69	0
145807	154642	276	69	0
145808	154750	276	69	0
145809	154825	276	69	0
145810	154917	276	69	0
145811	155022	276	69	0
145812	155123	276	69	0
145813	155263	276	69	0
145814	155370	276	69	0
145815	155429	276	69	0
145816	155486	276	69	0
145817	155578	276	69	0
145818	155717	276	69	0
145819	155783	276	69	0
145820	155883	276	69	0
145821	155984	276	69	0
145822	156047	276	69	0
145823	156090	276	69	0
145824	156190	276	69	0
145825	156286	276	69	0
145826	156351	276	69	0
145827	156442	276	69	0
145828	156539	276	69	0
145829	156604	276	69	0
145830	156686	276	69	0
145831	156745	276	69	0
145832	156817	276	69	0
145833	156920	276	69	0
145834	157015	276	69	0
145835	157109	276	69	0
145836	157214	276	69	0
145837	157323	276	69	0
145838	157412	276	69	0
145839	157509	276	69	0
145840	157582	276	69	0
145841	157644	276	69	0
145842	157759	276	69	0
145843	157876	276	69	0
145844	157940	276	69	0
145845	158015	276	69	0
145846	158089	276	69	0
145847	158188	276	69	0
145848	158286	276	69	0
145849	158378	276	69	0
145850	158493	276	69	0
145851	158566	276	69	0
145852	158679	276	69	0
145853	158773	276	69	0
145854	158852	276	69	0
145855	158929	276	69	0
145856	159011	276	69	0
145857	159109	276	69	0
145858	159205	275	70	0
145859	159324	275	70	0
145860	159434	275	73	0
145861	159532	275	74	0
145862	159624	275	75	0
145863	159689	276	77	0
145864	159752	276	78	0
145865	159832	276	78	0
145866	159974	276	78	0
145867	160084	276	78	0
145868	160150	276	77	0
145869	160256	276	77	0
145870	160340	276	76	0
145871	160407	275	76	0
145872	160552	275	76	0
145873	160647	275	75	0
145874	160743	273	75	0
145875	160839	272	74	0
145876	160920	272	74	0
145877	161012	272	74	0
145878	161099	270	73	0
145879	161169	269	72	0
145880	161240	269	71	0
145881	161345	267	70	0
145882	161414	266	68	0
145883	161477	265	66	0
145884	161549	265	66	0
145885	161636	264	66	0
145886	161700	264	66	0
145887	161782	264	66	0
145888	161880	264	66	0
145889	161945	264	66	0
145890	162005	264	66	0
145891	162063	264	66	0
145892	162185	264	66	0
145893	162311	264	66	0
145894	162443	264	65	0
145895	162547	263	62	0
145896	162648	263	58	0
145897	162808	262	55	0
145898	162904	262	50	0
145899	162976	261	46	0
145900	163043	260	45	0
145901	163111	260	44	0
145902	163174	259	43	0
145903	163269	260	43	0
145904	163346	260	43	0
145905	163442	260	42	0
145906	163513	260	42	0
145907	163608	260	42	0
145908	163670	259	40	0
145909	163780	258	37	0
145910	163881	258	35	0
145911	163996	258	35	0
145912	164068	258	36	0
145913	164168	258	36	0
145914	164268	258	36	0
145915	164345	259	37	0
145916	164418	258	38	0
145917	164508	258	38	0
145918	164609	260	39	0
145919	164673	260	39	0
145920	164745	260	40	0
145921	164836	259	41	0
145922	164933	259	42	0
145923	165004	259	42	0
145924	165111	259	43	0
145925	165186	259	44	0
145926	165281	259	43	0
145927	165354	259	43	0
145928	165448	259	43	0
145929	165582	259	44	0
145930	165670	259	44	0
145931	165751	259	44	0
145932	165874	259	44	0
145933	165973	259	44	0
145934	166074	259	44	0
145935	166141	259	44	0
145936	166228	259	44	0
145937	166311	259	44	0
145938	166404	259	44	0
145939	166511	259	44	0
145940	166629	259	44	0
145941	166673	260	44	0
145942	166744	259	47	0
145943	166806	260	47	0
145944	166870	259	50	0
145945	166932	259	52	0
145946	167029	259	53	0
145947	167121	259	56	0
145948	167172	259	58	0
145949	167240	259	59	0
145950	167369	259	60	0
145951	167465	260	62	0
145952	167534	260	65	0
145953	167582	260	65	0
145954	167652	260	66	0
145955	167710	260	68	0
145956	167820	260	69	0
145957	167899	260	71	0
145958	168005	260	73	0
145959	168103	261	75	0
145960	168199	262	78	0
145961	168370	262	78	0
145962	168472	262	82	0
145963	168597	262	82	0
145964	168669	262	83	0
145965	168738	262	83	0
145966	168801	263	83	0
145967	168868	263	83	0
145968	168933	263	83	0
145969	169058	263	84	0
145970	169178	263	84	0
145971	169274	263	84	0
145972	169354	263	84	0
145973	169438	263	84	0
145974	169575	263	84	0
145975	169689	263	84	0
145976	169800	264	85	0
145977	169925	264	85	0
145978	170033	264	86	0
145979	170109	264	86	0
145980	170189	264	86	0
145981	170236	264	86	0
145982	170324	264	86	0
145983	170368	264	86	0
145984	170468	264	86	0
145985	170531	264	86	0
145986	170619	264	86	0
145987	170693	264	86	0
145988	170800	264	86	0
145989	170903	264	86	0
145990	170964	264	86	0
145991	171027	264	86	0
145992	171095	264	86	0
145993	171156	264	86	0
145994	171199	264	86	0
145995	171265	264	86	0
145996	171321	264	86	0
145997	171396	264	86	0
145998	171461	264	86	0
145999	171525	264	86	0
146000	171608	264	86	0
146001	171703	264	86	0
146002	171774	264	86	0
146003	171870	265	86	0
146004	171957	265	86	0
146005	172042	265	86	0
146006	172133	265	86	0
146007	172198	265	86	0
146008	172292	265	86	0
146009	172393	265	86	0
146010	172471	265	86	0
146011	172565	265	86	0
146012	172663	265	86	0
146013	172741	265	87	0
146014	172821	265	87	0
146015	172903	265	87	0
146016	172964	265	87	0
146017	173060	266	88	0
146018	173122	266	88	0
146019	173177	266	88	0
146020	173270	266	88	0
146021	173355	266	88	0
146022	173427	266	89	0
146023	173492	266	89	0
146024	173558	266	89	0
146025	173646	266	89	0
146026	173769	266	89	0
146027	173894	266	89	0
146028	173964	266	88	0
146029	174065	266	89	0
146030	174128	266	89	0
146031	174196	266	89	0
146032	174261	266	89	0
146033	174355	266	89	0
146034	174451	266	89	0
146035	174500	266	89	0
146036	174631	266	90	0
146037	174762	266	90	0
146038	174855	266	90	0
146039	174903	266	90	0
146040	174995	266	90	0
146041	175061	266	90	0
146042	175166	266	90	0
146043	175254	266	90	0
146044	175328	266	90	0
146045	175432	266	90	0
146046	175532	266	90	0
146047	175610	266	90	0
146048	175686	266	90	0
146049	175731	266	90	0
146050	175828	266	90	0
146051	175893	266	90	0
146052	175956	266	90	0
146053	176024	266	90	0
146054	176157	266	90	0
146055	176304	266	90	0
146056	176411	266	90	0
146057	176474	266	90	0
146058	176563	266	90	0
146059	176633	266	90	0
146060	176741	266	90	0
146061	176862	266	90	0
146062	176926	266	90	0
146063	176997	266	90	0
146064	177095	266	90	0
146065	177187	266	90	0
146066	177270	266	90	0
146067	177328	266	90	0
146068	177403	266	90	0
146069	177493	266	90	0
146070	177620	266	90	0
146071	177686	266	90	0
146072	177785	267	90	0
146073	177898	267	90	0
146074	178024	267	90	0
146075	178091	267	90	0
146076	178202	267	90	0
146077	178267	267	90	0
146078	178357	267	90	0
146079	178429	267	90	0
146080	178486	267	90	0
146081	178600	267	90	0
146082	178694	267	90	0
146083	178796	267	90	0
146084	178890	267	90	0
146085	178991	267	91	0
146086	179062	267	91	0
146087	179157	267	91	0
146088	179222	267	91	0
146089	179287	267	91	0
146090	179425	267	91	0
146091	179493	267	91	0
146092	179592	267	91	0
146093	179685	267	90	0
146094	179783	267	90	0
146095	179925	267	90	0
146096	179996	267	90	0
146097	180093	267	90	0
146098	180178	267	90	0
146099	180256	267	90	0
146100	180327	267	90	0
146101	180419	267	91	0
146102	180518	267	90	0
146103	180581	267	90	0
146104	180627	267	90	0
146105	180720	267	90	0
146106	180795	267	91	0
146107	180885	267	90	0
146108	180949	267	90	0
146109	181022	267	91	0
146110	181120	267	91	0
146111	181190	267	90	0
146112	181315	267	90	0
146113	181383	267	90	0
146114	181458	267	90	0
146115	181519	267	90	0
146116	181589	267	90	0
146117	181674	267	90	0
146118	181749	267	90	0
146119	181844	267	90	0
146120	181919	267	90	0
146121	181997	267	90	0
146122	182087	267	90	0
146123	182182	267	90	0
146124	182256	267	90	0
146125	182326	267	90	0
146126	182427	267	90	0
146127	182492	267	91	0
146128	182588	267	90	0
146129	182686	267	90	0
146130	182754	267	90	0
146131	182821	267	90	0
146132	182893	267	90	0
146133	182952	267	90	0
146134	183014	267	91	0
146135	183111	267	91	0
146136	183186	267	91	0
146137	183260	267	90	0
146138	183349	267	90	0
146139	183412	267	90	0
146140	183464	267	90	0
146141	183575	267	90	0
146142	183660	267	90	0
146143	183741	267	90	0
146144	183801	267	91	0
146145	183876	267	90	0
146146	183952	267	90	0
146147	184019	267	90	0
146148	184094	267	90	0
146149	184182	267	90	0
146150	184280	267	90	0
146151	184349	267	90	0
146152	184420	267	90	0
146153	184494	267	90	0
146154	184591	267	90	0
146155	184674	267	90	0
146156	184757	267	90	0
146157	184850	267	90	0
146158	184922	267	90	0
146159	185014	267	90	0
146160	185108	267	90	0
146161	185184	267	90	0
146162	185247	267	90	0
146163	185306	267	90	0
146164	185376	267	90	0
146165	185452	267	90	0
146166	185527	267	91	0
146167	185582	267	91	0
146168	185659	267	91	0
146169	185718	267	91	0
146170	185814	267	91	0
146171	185874	267	91	0
146172	185939	267	91	0
146173	186006	267	90	0
146174	186078	267	90	0
146175	186150	267	90	0
146176	186216	267	90	0
146177	186286	267	90	0
146178	186363	267	90	0
146179	186422	267	90	0
146180	186489	267	90	0
146181	186542	267	91	0
146182	186614	267	90	0
146183	186708	267	90	0
146184	186775	267	90	0
146185	186849	267	90	0
146186	186937	267	91	0
146187	186998	267	91	0
146188	187066	267	90	0
146189	187145	267	90	0
146190	187215	267	90	0
146191	187276	267	90	0
146192	187342	267	90	0
146193	187416	267	90	0
146194	187483	267	90	0
146195	187545	267	90	0
146196	187603	267	90	0
146197	187667	267	90	0
146198	187734	267	90	0
146199	187819	267	91	0
146200	187887	267	91	0
146201	187963	267	90	0
146202	188036	267	90	0
146203	188111	267	90	0
146204	188183	267	90	0
146205	188242	267	90	0
146206	188297	267	90	0
146207	188368	267	90	0
146208	188436	267	90	0
146209	188510	267	90	0
146210	188581	267	90	0
146211	188648	267	90	0
146212	188726	267	90	0
146213	188773	267	90	0
146214	188859	267	90	0
146215	188911	267	90	0
146216	188983	267	90	0
146217	189065	267	90	0
146218	189142	267	90	0
146219	189204	267	90	0
146220	189269	267	90	0
146221	189338	267	90	0
146222	189378	267	91	0
146223	189454	267	91	0
146224	189541	267	91	0
146225	189610	267	91	0
146226	189679	268	91	0
146227	189743	268	91	0
146228	189813	268	91	0
146229	189884	268	91	0
146230	189974	268	91	0
146231	190038	268	91	0
146232	190108	269	92	0
146233	190171	269	92	0
146234	190238	269	92	0
146235	190309	269	92	0
146236	190381	269	92	0
146237	190468	269	92	0
146238	190532	269	92	0
146239	190584	269	92	0
146240	190663	269	92	0
146241	190748	269	92	0
146242	190840	269	92	0
146243	190910	269	92	0
146244	191007	269	92	0
146245	191077	269	92	0
146246	191140	269	92	0
146247	191214	269	92	0
146248	191295	269	92	0
146249	191363	270	92	0
146250	191436	269	92	0
146251	191502	269	92	0
146252	191569	269	92	0
146253	191640	269	92	0
146254	191721	269	92	0
146255	191774	269	91	0
146256	191841	269	91	0
146257	191900	269	91	0
146258	191956	271	92	0
146259	192026	272	92	0
146260	192081	273	93	0
146261	192134	273	93	0
146262	192199	273	93	0
146263	192248	273	93	0
146264	192313	274	93	0
146265	192373	274	94	0
146266	192439	274	94	0
146267	192530	274	94	0
146268	192598	275	95	0
146269	192684	276	95	0
146270	192744	276	95	0
146271	192805	276	95	0
146272	192876	276	96	0
146273	192936	277	98	0
146274	193010	277	98	0
146275	193072	278	100	0
146276	193151	278	101	0
146277	193238	279	103	0
146278	193305	280	105	0
146279	193399	281	106	0
146280	193444	282	108	0
146281	193513	282	108	0
146282	193595	282	108	0
146283	193651	283	110	0
146284	193722	285	112	0
146285	193798	285	113	0
146286	193865	285	114	0
146287	193935	286	115	0
146288	194007	286	116	0
146289	194101	286	117	0
146290	194173	288	119	0
146291	194254	288	119	0
146292	194305	288	120	0
146293	194378	289	121	0
146294	194457	289	121	0
146295	194522	289	121	0
146296	194597	290	121	0
146297	194664	291	122	0
146298	194753	291	122	0
146299	194807	293	123	0
146300	194873	293	124	0
146301	194935	293	124	0
146302	195000	293	125	0
146303	195069	294	125	0
146304	195141	294	126	0
146305	195237	294	126	0
146306	195297	294	127	0
146307	195366	294	128	0
146308	195434	294	128	0
146309	195524	294	128	0
146310	195603	295	129	0
146311	195671	295	130	0
146312	195765	296	131	0
146313	195827	296	133	0
146314	195893	297	135	0
146315	195948	297	136	0
146316	196001	297	137	0
146317	196069	298	138	0
146318	196162	298	139	0
146319	196229	300	143	0
146320	196295	300	144	0
146321	196371	302	146	0
146322	196437	303	148	0
146323	196504	303	149	0
146324	196563	305	151	0
146325	196618	305	152	0
146326	196679	306	154	0
146327	196751	307	155	0
146328	196826	308	156	0
146329	196901	309	156	0
146330	196969	310	158	0
146331	197062	310	158	0
146332	197126	312	162	0
146333	197200	313	164	0
146334	197270	314	166	0
146335	197330	314	169	0
146336	197400	316	171	0
146337	197490	316	172	0
146338	197555	318	177	0
146339	197631	318	179	0
146340	197698	319	182	0
146341	197766	320	185	0
146342	197826	321	187	0
146343	197901	322	189	0
146344	197961	323	192	0
146345	198015	324	194	0
146346	198105	325	195	0
146347	198175	326	199	0
146348	198228	328	203	0
146349	198294	328	204	0
146350	198376	330	206	0
146351	198470	331	210	0
146352	198532	334	216	0
146353	198598	335	219	0
146354	198681	335	220	0
146355	198764	337	226	0
146356	198803	337	227	0
146357	198870	338	231	0
146358	198964	339	234	0
146359	199027	341	238	0
146360	199096	342	241	0
146361	199180	342	243	0
146362	199236	343	246	0
146363	199301	344	248	0
146364	199373	346	251	0
146365	199450	346	253	0
146366	199536	350	257	0
146367	199596	351	259	0
146368	199664	353	262	0
146369	199733	354	264	0
146370	199808	354	264	0
146371	199863	356	268	0
146372	199960	357	271	0
146373	200035	358	275	0
146374	200102	358	276	0
146375	200196	360	281	0
146376	200292	361	285	0
146377	200362	362	287	0
146378	200432	363	290	0
146379	200513	365	294	0
146380	200597	366	297	0
146381	200663	366	301	0
146382	200747	368	305	0
146383	200807	370	310	0
146384	200889	370	312	0
146385	200959	372	316	0
146386	200996	374	320	0
146387	201051	374	321	0
146388	201110	375	323	0
146389	201157	376	324	0
146390	201228	376	325	0
146391	201288	377	328	0
146392	201363	377	328	0
146393	201425	376	328	0
146394	201484	376	330	0
146395	201558	378	332	0
146396	201632	378	333	0
146397	201700	378	333	0
146398	201797	378	333	0
146399	201893	378	333	0
146400	201964	378	333	0
146401	202042	378	332	0
146402	202116	378	332	0
146403	202191	378	332	0
146404	202262	379	333	0
146405	202333	379	333	0
146406	202421	379	333	0
146407	202486	379	333	0
146408	202557	379	333	0
146409	202636	379	333	0
146410	202724	379	333	0
146411	202794	379	333	0
146412	202861	380	333	0
146413	202927	380	334	0
146414	202992	380	334	0
146415	203062	379	334	0
146416	203127	379	334	0
146417	203198	379	334	0
146418	203267	378	336	0
146419	203331	378	336	0
146420	203405	378	337	0
146421	203499	378	339	0
146422	203577	377	340	0
146423	203654	377	341	0
146424	203732	377	343	0
146425	203788	377	344	0
146426	203867	377	345	0
146427	203935	377	345	0
146428	204021	377	345	0
146429	204088	377	345	0
146430	204130	377	345	0
146431	204200	377	345	0
146432	204258	377	345	0
146433	204326	377	345	0
146434	204390	377	345	0
146435	204463	377	345	0
146436	204530	378	346	0
146437	204590	378	346	0
146438	204639	378	346	0
146439	204755	379	348	0
146440	204789	379	348	0
146441	204862	379	348	0
146442	204942	381	352	0
146443	205062	381	353	0
146444	205125	383	357	0
146445	205191	383	360	0
146446	205276	384	362	0
146447	205356	384	365	0
146448	205429	386	369	0
146449	205495	386	370	0
146450	205587	386	370	0
146451	205652	386	370	0
146452	205722	386	370	0
146453	205795	386	370	0
146454	205871	386	370	0
146455	205946	386	370	0
146456	206022	386	370	0
146457	206118	386	370	0
146458	206181	387	371	0
146459	206254	387	371	0
146460	206323	388	373	0
146461	206395	389	374	0
146462	206464	390	375	0
146463	206550	390	376	0
146464	206594	391	377	0
146465	206661	391	377	0
146466	206758	390	376	0
146467	206819	390	376	0
146468	206888	389	375	0
146469	206952	388	375	0
146470	207025	387	376	0
146471	207093	384	378	0
146472	207178	384	379	0
146473	207239	379	385	0
146474	207307	379	386	0
146475	207382	379	387	0
146476	207457	375	393	0
146477	207542	375	394	0
146478	207589	374	396	0
146479	207663	373	397	0
146480	207741	371	401	0
146481	207811	371	403	0
146482	207884	370	405	0
146483	207954	368	409	0
146484	208046	367	413	0
146485	208117	366	417	0
146486	208184	366	418	0
146487	208252	366	422	0
146488	208331	366	422	0
146489	208412	366	422	0
146490	208486	366	422	0
146491	208577	366	421	0
146492	208640	366	419	0
146493	208696	366	418	0
146494	208760	366	417	0
146495	208821	366	417	0
146496	208891	366	417	0
146497	208958	366	417	0
146498	209036	366	417	0
146499	209096	366	416	0
146500	209159	366	416	0
146501	209225	366	416	0
146502	209291	366	416	0
146503	209372	365	416	0
146504	209434	365	415	0
146505	209494	364	414	0
146506	209557	364	413	0
146507	209620	364	412	0
146508	209687	363	411	0
146509	209754	363	410	0
146510	209841	363	409	0
146511	209894	363	406	0
146512	209956	363	406	0
146513	210048	363	405	0
146514	210109	363	402	0
146515	210182	363	401	0
146516	210245	362	399	0
146517	210311	362	399	0
146518	210381	362	399	0
146519	210456	362	399	0
146520	210526	362	399	0
146521	210585	362	399	0
146522	210656	362	399	0
146523	210727	362	399	0
146524	210778	362	398	0
146525	210851	362	398	0
146526	210918	362	398	0
146527	210982	362	398	0
146528	211080	362	398	0
146529	211150	363	398	0
146530	211223	363	398	0
146531	211289	363	397	0
146532	211353	363	396	0
146533	211423	363	396	0
146534	211499	364	394	0
146535	211586	363	393	0
146536	211656	363	392	0
146537	211721	362	389	0
146538	211822	361	387	0
146539	211878	359	384	0
146540	211945	358	383	0
146541	212015	357	382	0
146542	212086	356	381	0
146543	212145	355	379	0
146544	212209	354	378	0
146545	212282	353	377	0
146546	212372	351	375	0
146547	212440	350	374	0
146548	212498	349	372	0
146549	212560	347	370	0
146550	212622	347	368	0
146551	212676	346	366	0
146552	212742	344	364	0
146553	212802	343	361	0
146554	212863	343	360	0
146555	212946	341	357	0
146556	213012	339	353	0
146557	213070	337	349	0
146558	213142	336	346	0
146559	213208	334	343	0
146560	213274	334	341	0
146561	213332	332	337	0
146562	213407	330	333	0
146563	213480	326	326	0
146564	213552	326	324	0
146565	213614	324	320	0
146566	213677	323	316	0
146567	213737	321	313	0
146568	213814	318	308	0
146569	213880	317	305	0
146570	213966	315	300	0
146571	214021	313	296	0
146572	214090	311	291	0
146573	214191	309	286	0
146574	214273	306	279	0
146575	214340	303	273	0
146576	214416	301	268	0
146577	214480	299	264	0
146578	214545	297	262	0
146579	214616	294	256	0
146580	214684	292	252	0
146581	214743	289	248	0
146582	214809	287	244	0
146583	214851	285	241	0
146584	214921	285	240	0
146585	214991	282	236	0
146586	215077	279	232	0
146587	215141	276	227	0
146588	215213	276	226	0
146589	215283	273	221	0
146590	215365	273	219	0
146591	215426	271	215	0
146592	215509	268	212	0
146593	215576	265	208	0
146594	215659	262	203	0
146595	215736	259	198	0
146596	215794	258	194	0
146597	215865	256	190	0
146598	215928	253	187	0
146599	215995	251	183	0
146600	216050	249	179	0
146601	216126	246	174	0
146602	216207	245	170	0
146603	216275	241	163	0
146604	216344	240	159	0
146605	216407	237	153	0
146606	216477	235	148	0
146607	216546	234	145	0
146608	216604	231	138	0
146609	216680	230	133	0
146610	216773	227	129	0
146611	216846	225	121	0
146612	216890	224	115	0
146613	216971	224	114	0
146614	217032	224	109	0
146615	217111	222	104	0
146616	217181	220	99	0
146617	217269	220	96	0
146618	217322	220	93	0
146619	217383	219	91	0
146620	217446	218	90	0
146621	217508	218	89	0
146622	217580	218	85	0
146623	217676	218	83	0
146624	217740	217	80	0
146625	217805	217	78	0
146626	217886	216	73	0
146627	217982	215	66	0
146628	218069	215	62	0
146629	218123	213	56	0
146630	218190	213	53	0
146631	218245	212	53	0
146632	218318	211	53	0
146633	218411	210	53	0
146634	218489	210	54	0
146635	218559	210	55	0
146636	218619	209	56	0
146637	218709	209	56	0
146638	218769	210	58	0
146639	218838	210	59	0
146640	218919	210	60	0
146641	218988	208	62	0
146642	219046	208	64	0
146643	219143	207	65	0
146644	219227	205	71	0
146645	219307	205	74	0
146646	219378	204	76	0
146647	219438	203	78	0
146648	219505	202	82	0
146649	219568	202	83	0
146650	219629	200	86	0
146651	219704	200	87	0
146652	219779	199	88	0
146653	219842	199	88	0
146654	219918	199	88	0
146655	220000	199	88	0
146656	220075	199	89	0
146657	220154	199	88	0
146658	220212	199	88	0
146659	220276	199	88	0
146660	220337	199	88	0
146661	220405	198	89	0
146662	220466	198	89	0
146663	220532	198	89	0
146664	220603	198	89	0
146665	220643	198	88	0
146666	220707	199	88	0
146667	220773	198	88	0
146668	220833	198	88	0
146669	220905	198	88	0
146670	220963	198	89	0
146671	221033	198	88	0
146672	221101	199	88	0
146673	221150	198	88	0
146674	221239	198	88	0
146675	221325	198	88	0
146676	221383	199	88	0
146677	221465	198	88	0
146678	221540	198	88	0
146679	221608	199	88	0
146680	221701	198	88	0
146681	221789	198	88	0
146682	221850	198	88	0
146683	221914	199	88	0
146684	221976	198	88	0
146685	222040	198	88	0
146686	222111	198	89	0
146687	222200	198	89	0
146688	222262	198	88	0
146689	222338	199	88	0
146690	222404	199	88	0
146691	222502	199	88	0
146692	222556	199	88	0
146693	222615	199	88	0
146694	222670	199	88	0
146695	222741	199	88	0
146696	222803	199	88	0
146697	222868	199	88	0
146698	222964	199	88	0
146699	223026	199	88	0
146700	223095	199	88	0
146701	223138	199	88	0
146702	223204	199	88	0
146703	223277	199	88	0
146704	223364	199	88	0
146705	223436	198	89	0
146706	223501	198	89	0
146707	223559	198	89	0
146708	223637	198	89	0
146709	223709	198	89	0
146710	223766	198	89	0
146711	223832	198	89	0
146712	223905	198	89	0
146713	223993	198	89	0
146714	224055	198	89	0
146715	224107	198	89	0
146716	224175	198	88	0
146717	224256	198	88	0
146718	224329	199	88	0
146719	224393	199	88	0
146720	224455	199	88	0
146721	224520	199	88	0
146722	224587	199	88	0
146723	224645	199	88	0
146724	224701	199	88	0
146725	224766	198	88	0
146726	224835	198	88	0
146727	224902	198	88	0
146728	224968	198	88	0
146729	225035	199	88	0
146730	225132	198	88	0
146731	225213	198	88	0
146732	225309	199	88	0
146733	225374	199	88	0
146734	225451	198	88	0
146735	225510	198	88	0
146736	225565	198	88	0
146737	225632	198	88	0
146738	225701	198	88	0
146739	225765	198	88	0
146740	225830	198	88	0
146741	225896	198	88	0
146742	225966	198	88	0
146743	226028	199	88	0
146744	226090	199	88	0
146745	226167	199	88	0
146746	226263	199	89	0
146747	226332	199	89	0
146748	226400	199	89	0
146749	226473	199	88	0
146750	226566	199	88	0
146751	226630	200	88	0
146752	226728	200	88	0
146753	226770	199	88	0
146754	226869	199	88	0
146755	226934	200	88	0
146756	227031	200	88	0
146757	227122	198	89	0
146758	227188	198	89	0
146759	227276	198	89	0
146760	227337	198	89	0
146761	227430	198	89	0
146762	227524	198	89	0
146763	227594	199	89	0
146764	227660	199	89	0
146765	227709	199	89	0
146766	227772	199	89	0
146767	227870	199	89	0
146768	227928	199	89	0
146769	227994	199	89	0
146770	228047	199	89	0
146771	228105	199	89	0
146772	228231	199	89	0
146773	228296	199	89	0
146774	228361	199	89	0
146775	228465	199	89	0
146776	228532	199	89	0
146777	228605	199	89	0
146778	228720	199	89	0
146779	228766	199	89	0
146780	228841	199	89	0
146781	228900	199	89	0
146782	228968	199	89	0
146783	229027	199	89	0
146784	229090	199	89	0
146785	229159	199	89	0
146786	229217	199	89	0
146787	229273	199	89	0
146788	229353	199	89	0
146789	229431	199	89	0
146790	229532	199	89	0
146791	229597	199	89	0
146792	229662	199	89	0
146793	229717	199	89	0
146794	229776	199	89	0
146795	229835	199	89	0
146796	229895	199	89	0
146797	229964	199	89	0
146798	230034	199	89	0
146799	230097	199	89	0
146800	230167	199	89	0
146801	230239	199	89	0
146802	230314	199	89	0
146803	230372	199	89	0
146804	230435	199	89	0
146805	230529	199	89	0
146806	230597	199	89	0
146807	230660	199	89	0
146808	230740	199	89	0
146809	230798	199	89	0
146810	230889	199	89	0
146811	230967	199	89	0
146812	231030	199	89	0
146813	231124	199	89	0
146814	231228	199	89	0
146815	231318	199	89	0
146816	231393	199	89	0
146817	231464	199	89	0
146818	231551	199	89	0
146819	231622	199	89	0
146820	231690	199	89	0
146821	231735	199	89	0
146822	231831	199	89	0
146823	231890	199	89	0
146824	231958	199	89	0
146825	232016	199	89	0
146826	232086	199	89	0
146827	232154	199	89	0
146828	232234	199	89	0
146829	232294	199	89	0
146830	232361	199	89	0
146831	232453	199	89	0
146832	232561	199	89	0
146833	232669	199	89	0
146834	232759	199	89	0
146835	232832	199	89	0
146836	232928	199	89	0
146837	233007	199	89	0
146838	233082	200	89	0
146839	233153	200	89	0
146840	233254	200	89	0
146841	233322	200	89	0
146842	233385	200	89	0
146843	233457	200	89	0
146844	233530	200	89	0
146845	233630	200	89	0
146846	233759	200	89	0
146847	233831	200	89	0
146848	233902	199	89	0
146849	234029	199	89	0
146850	234153	199	89	0
146851	234299	199	89	0
146852	234396	199	89	0
146853	234461	199	89	0
146854	234550	199	89	0
146855	234604	199	89	0
146856	234701	199	89	0
146857	234821	199	89	0
146858	234920	199	89	0
146859	235024	199	89	0
146860	235113	199	89	0
146861	235230	199	89	0
146862	235327	199	89	0
146863	235388	200	89	0
146864	235464	200	89	0
146865	235561	200	89	0
146866	235656	200	89	0
146867	235757	200	89	0
146868	235814	200	89	0
146869	235896	200	89	0
146870	235959	200	89	0
146871	236089	200	89	0
146872	236182	200	89	0
146873	236265	200	89	0
146874	236392	200	89	0
146875	236485	200	89	0
146876	236558	200	89	0
146877	236695	200	89	0
146878	236790	200	89	0
146879	236886	200	89	0
146880	236959	200	89	0
146881	237057	200	89	0
146882	237167	200	89	0
146883	237224	200	89	0
146884	237353	200	89	0
146885	237413	200	89	0
146886	237491	200	89	0
146887	237570	200	89	0
146888	237685	200	89	0
146889	237759	200	89	0
146890	237863	200	89	0
146891	237965	200	89	0
146892	238093	200	89	0
146893	238212	200	89	0
146894	238293	200	89	0
146895	238392	200	89	0
146896	238515	200	89	0
146897	238621	200	89	0
146898	238724	200	89	0
146899	238792	200	89	0
146900	238884	200	89	0
146901	238984	200	89	0
146902	239091	200	89	0
146903	239182	200	89	0
146904	239256	200	89	0
146905	239338	200	89	0
146906	239402	200	89	0
146907	239487	200	89	0
146908	239561	200	89	0
146909	239717	200	89	0
146910	239819	200	89	0
146911	239946	200	89	0
146912	240025	200	89	0
146913	240117	200	89	0
146914	240180	200	89	0
146915	240248	200	89	0
146916	240352	200	89	0
146917	240428	200	89	0
146918	240526	200	89	0
146919	240615	200	89	0
146920	240708	200	89	0
146921	240788	200	89	0
146922	240841	200	89	0
146923	240907	200	89	0
146924	240977	200	89	0
146925	241049	200	89	0
146926	241143	200	89	0
146927	241209	200	89	0
146928	241292	200	89	0
146929	241369	200	89	0
146930	241543	200	89	0
146931	241627	200	89	0
146932	241727	200	89	0
146933	241802	200	89	0
146934	241907	200	89	0
146935	241995	200	89	0
146936	242087	200	89	0
146937	242152	200	89	0
146938	242212	200	89	0
146939	242275	200	89	0
146940	242333	200	89	0
146941	242415	200	89	0
146942	242474	200	89	0
146943	242555	200	89	0
146944	242710	200	89	0
146945	242773	200	89	0
146946	242822	200	89	0
146947	242918	200	89	0
146948	243053	200	88	0
146949	243173	201	88	0
146950	243255	201	88	0
146951	243356	201	88	0
146952	243453	201	88	0
146953	243536	201	88	0
146954	243651	201	88	0
146955	243756	201	88	0
146956	243879	201	88	0
146957	244005	201	88	0
146958	244115	201	88	0
146959	244212	201	88	0
146960	244278	201	88	0
146961	244365	201	88	0
146962	244479	201	88	0
146963	244585	201	88	0
146964	244711	201	88	0
146965	244807	201	88	0
146966	244892	201	88	0
146967	244986	201	88	0
146968	245079	201	88	0
146969	245176	201	88	0
146970	245270	201	88	0
146971	245350	201	88	0
146972	245447	201	88	0
146973	245545	201	88	0
146974	245670	201	88	0
146975	245745	201	88	0
146976	245811	201	88	0
146977	245908	201	88	0
146978	245972	201	88	0
146979	246045	201	88	0
146980	246148	201	88	0
146981	246219	201	88	0
146982	246276	201	88	0
146983	246350	201	88	0
146984	246467	201	88	0
146985	246555	201	88	0
146986	246646	201	88	0
146987	246716	201	88	0
146988	246807	201	88	0
146989	246949	201	88	0
146990	247049	201	88	0
146991	247125	202	88	0
146992	247238	202	88	0
146993	247348	202	88	0
146994	247420	202	88	0
146995	247506	202	88	0
146996	247564	202	88	0
146997	247654	202	88	0
146998	247769	202	88	0
146999	247878	202	88	0
147000	247977	202	88	0
147001	248104	202	88	0
147002	248208	202	88	0
147003	248307	202	88	0
147004	248405	202	88	0
147005	248486	201	88	0
147006	248556	202	88	0
147007	248640	202	88	0
147008	248710	202	88	0
147009	248771	202	88	0
147010	248837	202	88	0
147011	248902	202	88	0
147012	248964	201	88	0
147013	249038	201	88	0
147014	249087	201	88	0
147015	249199	201	88	0
147016	249267	201	88	0
147017	249344	201	88	0
147018	249420	201	88	0
147019	249510	201	88	0
147020	249583	201	88	0
147021	249702	201	88	0
147022	249801	201	88	0
147023	249887	201	88	0
147024	249974	202	88	0
147025	250076	202	88	0
147026	250164	201	88	0
147027	250246	201	88	0
147028	250316	201	88	0
147029	250414	201	88	0
147030	250521	201	88	0
147031	250641	201	88	0
147032	250720	201	88	0
147033	250832	201	88	0
147034	250929	201	88	0
147035	250996	201	88	0
147036	251078	201	88	0
147037	251173	201	88	0
147038	251237	201	88	0
147039	251333	201	88	0
147040	251408	201	88	0
147041	251530	201	88	0
147042	251638	202	88	0
147043	251736	201	88	0
147044	251828	201	88	0
147045	251877	202	88	0
147046	252004	202	88	0
147047	252108	202	88	0
147048	252229	200	89	0
147049	252300	200	89	0
147050	252394	200	89	0
147051	252468	200	89	0
147052	252511	200	89	0
147053	252569	200	89	0
147054	252634	200	89	0
147055	252736	200	89	0
147056	252814	200	89	0
147057	252912	200	89	0
147058	253004	200	89	0
147059	253083	200	89	0
147060	253147	200	89	0
147061	253212	200	89	0
147062	253338	200	89	0
147063	253402	200	89	0
147064	253500	200	89	0
147065	253605	200	89	0
147066	253700	200	89	0
147067	253799	200	89	0
147068	253897	201	88	0
147069	253975	201	88	0
147070	254074	201	88	0
147071	254172	201	88	0
147072	254259	201	88	0
147073	254331	201	88	0
147074	254412	201	88	0
147075	254602	201	88	0
147076	254729	201	88	0
147077	254896	201	88	0
147078	254996	201	88	0
147079	255072	202	88	0
147080	255168	202	88	0
147081	255231	202	88	0
147082	255330	202	88	0
147083	255391	202	89	0
147084	255498	202	89	0
147085	255630	202	89	0
147086	255805	202	88	0
147087	255894	202	88	0
147088	255998	202	88	0
147089	256069	202	88	0
147090	256143	202	88	0
147091	256230	203	88	0
147092	256292	202	88	0
147093	256358	202	88	0
147094	256436	203	88	0
147095	256603	203	88	0
147096	256693	202	88	0
147097	256791	202	88	0
147098	256864	202	88	0
147099	257124	203	88	0
147100	257242	202	88	0
147101	257327	202	88	0
147102	257432	202	88	0
147103	257554	202	88	0
147104	257632	202	88	0
147105	257731	203	88	0
147106	257771	203	88	0
147107	257864	203	88	0
147108	257959	203	88	0
147109	258110	203	88	0
147110	258429	203	88	0
147111	258597	203	88	0
147112	258746	203	88	0
147113	258883	202	88	0
147114	258964	202	88	0
147115	259028	202	88	0
147116	259124	202	87	0
147117	259268	202	88	0
147118	259503	202	88	0
147119	259578	202	88	0
147120	259696	202	88	0
147121	259829	202	88	0
147122	259926	202	88	0
147123	260151	202	88	0
147124	260264	202	88	0
147125	260358	202	88	0
147126	260438	202	88	0
147127	260557	202	88	0
147128	260630	202	88	0
147129	260823	201	88	0
147130	260932	201	88	0
147131	261029	201	88	0
147132	261153	201	88	0
147133	261286	201	88	0
147134	261428	201	88	0
147135	261528	201	88	0
147136	261657	201	88	0
147137	261728	202	88	0
147138	261864	202	88	0
147139	261962	202	88	0
147140	262021	202	88	0
147141	262121	202	88	0
147142	262214	202	88	0
147143	262324	202	88	0
147144	262457	202	88	0
147145	262600	202	88	0
147146	262698	202	88	0
147147	262792	202	88	0
147148	262960	202	88	0
147149	263020	202	88	0
147150	263127	202	88	0
147151	263212	202	88	0
147152	263284	202	88	0
147153	263382	202	88	0
147154	263475	202	88	0
147155	263590	202	88	0
147156	263661	202	88	0
147157	263750	202	88	0
147158	263830	202	88	0
147159	263928	202	88	0
147160	264004	202	88	0
147161	264117	202	88	0
147162	264183	202	88	0
147163	264250	202	88	0
147164	264335	202	88	0
147165	264428	202	88	0
147166	264554	202	88	0
147167	264635	202	88	0
147168	264730	202	88	0
147169	264825	202	88	0
147170	264949	202	88	0
147171	265033	202	88	0
147172	265145	202	88	0
147173	265211	202	88	0
147174	265317	202	88	0
147175	265414	202	88	0
147176	265478	202	87	0
147177	265563	203	87	0
147178	265687	203	87	0
147179	265753	203	87	0
147180	265835	203	87	0
147181	265921	203	87	0
147182	266021	203	87	0
147183	266118	202	88	0
147184	266220	202	88	0
147185	266323	202	88	0
147186	266398	202	88	0
147187	266490	202	88	0
147188	266580	202	88	0
147189	266720	202	88	0
147190	266822	202	88	0
147191	266889	202	88	0
147192	266947	202	88	0
147193	267020	202	88	0
147194	267085	202	88	0
147195	267176	202	88	0
147196	267243	202	88	0
147197	267354	202	88	0
147198	267449	202	88	0
147199	267516	202	88	0
147200	267622	202	88	0
147201	267722	202	88	0
147202	267813	202	88	0
147203	267908	202	88	0
147204	267959	202	88	0
147205	268040	202	88	0
147206	268118	202	88	0
147207	268177	202	88	0
147208	268254	202	88	0
147209	268348	202	88	0
147210	268429	202	88	0
147211	268544	202	88	0
147212	268647	202	88	0
147213	268740	202	88	0
147214	268827	203	88	0
147215	268918	203	88	0
147216	268988	203	88	0
147217	269066	203	88	0
147218	269159	203	88	0
147219	269255	203	88	0
147220	269412	203	88	0
147221	269478	203	88	0
147222	269587	203	88	0
147223	269686	202	89	0
147224	269790	202	88	0
147225	269854	202	88	0
147226	269943	202	88	0
147227	269983	202	88	0
147228	270090	202	89	0
147229	270197	202	88	0
147230	270281	202	88	0
147231	270390	202	88	0
147232	270484	203	88	0
147233	270552	203	88	0
147234	270644	203	88	0
147235	270742	203	88	0
147236	270820	203	88	0
147237	270931	203	88	0
147238	271015	203	88	0
147239	271076	203	88	0
147240	271173	203	88	0
147241	271250	203	88	0
147242	271349	203	88	0
147243	271451	203	88	0
147244	271542	202	89	0
147245	271648	202	88	0
147246	271734	202	88	0
147247	271811	202	88	0
147248	271876	202	88	0
147249	271941	202	88	0
147250	272059	203	88	0
147251	272148	203	88	0
147252	272246	203	88	0
147253	272341	203	88	0
147254	272441	203	88	0
147255	272553	203	88	0
147256	272650	203	88	0
147257	272767	203	88	0
147258	272864	203	88	0
147259	272947	203	88	0
147260	273013	203	88	0
147261	273143	203	88	0
147262	273222	202	89	0
147263	273347	202	89	0
147264	273444	202	89	0
147265	273529	202	89	0
147266	273608	202	89	0
147267	273719	202	89	0
147268	273811	202	89	0
147269	273909	202	88	0
147270	274038	203	88	0
147271	274103	202	88	0
147272	274172	202	88	0
147273	274216	202	88	0
147274	274314	202	88	0
147275	274377	203	88	0
147276	274475	203	88	0
147277	274574	202	88	0
147278	274645	202	88	0
147279	274701	202	88	0
147280	274766	202	88	0
147281	274845	202	88	0
147282	274942	202	88	0
147283	275013	202	88	0
147284	275109	202	88	0
147285	275174	202	88	0
147286	275238	202	88	0
147287	275300	202	88	0
147288	275397	202	88	0
147289	275512	203	88	0
147290	275570	203	88	0
147291	275631	202	88	0
147292	275700	202	88	0
147293	275776	202	88	0
147294	275876	202	88	0
147295	275977	202	88	0
147296	276099	202	88	0
147297	276214	202	88	0
147298	276292	202	88	0
147299	276372	202	88	0
147300	276436	203	88	0
147301	276499	202	88	0
147302	276558	202	88	0
147303	276676	203	88	0
147304	276775	203	88	0
147305	276840	202	89	0
147306	276957	202	88	0
147307	277048	202	88	0
147308	277144	202	88	0
147309	277224	202	88	0
147310	277306	202	88	0
147311	277385	202	88	0
147312	277476	202	88	0
147313	277540	202	88	0
147314	277607	202	88	0
147315	277703	202	88	0
147316	277806	202	88	0
147317	277908	202	88	0
147318	278004	202	88	0
147319	278078	202	88	0
147320	278134	202	88	0
147321	278211	202	88	0
147322	278342	202	88	0
147323	278468	202	88	0
147324	278596	202	88	0
147325	278674	202	88	0
147326	278772	202	88	0
147327	278837	202	88	0
147328	278923	202	88	0
147329	279013	202	88	0
147330	279105	202	88	0
147331	279178	202	88	0
147332	279271	202	88	0
147333	279403	202	88	0
147334	279479	202	88	0
147335	279597	202	88	0
147336	279671	202	88	0
147337	279733	202	88	0
147338	279825	202	88	0
147339	279870	202	88	0
147340	279946	202	88	0
147341	280041	202	88	0
147342	280132	202	88	0
147343	280199	202	88	0
147344	280281	202	88	0
147345	280405	202	88	0
147346	280501	202	88	0
147347	280593	202	88	0
147348	280709	202	88	0
147349	280837	202	88	0
147350	280902	202	88	0
147351	280998	202	88	0
147352	281075	202	88	0
147353	281137	202	88	0
147354	281193	202	88	0
147355	281270	202	88	0
147356	281368	202	88	0
147357	281460	202	88	0
147358	281518	202	88	0
147359	281614	202	88	0
147360	281702	202	88	0
147361	281798	202	88	0
147362	281895	202	88	0
147363	281969	202	88	0
147364	282032	202	88	0
147365	282080	202	88	0
147366	282197	202	88	0
147367	282337	202	88	0
147368	282440	202	88	0
147369	282536	202	88	0
147370	282607	202	88	0
147371	282703	202	88	0
147372	282798	202	88	0
147373	282869	202	88	0
147374	282938	202	89	0
147375	283032	202	89	0
147376	283116	202	89	0
147377	283201	202	89	0
147378	283293	202	88	0
147379	283366	202	88	0
147380	283463	203	88	0
147381	283572	202	89	0
147382	283686	202	89	0
147383	283801	202	89	0
147384	283894	202	89	0
147385	284000	202	89	0
147386	284080	202	89	0
147387	284139	202	89	0
147388	284229	202	89	0
147389	284298	202	89	0
147390	284376	202	89	0
147391	284469	202	89	0
147392	284565	202	89	0
147393	284669	202	89	0
147394	284757	202	89	0
147395	284865	202	89	0
147396	284929	202	89	0
147397	285063	202	89	0
147398	285198	202	89	0
147399	285305	202	89	0
147400	285427	202	89	0
147401	285524	202	89	0
147402	285599	202	89	0
147403	285683	202	89	0
147404	285733	202	89	0
147405	285820	202	89	0
147406	285893	202	89	0
147407	285968	202	89	0
147408	286040	202	89	0
147409	286135	202	89	0
147410	286229	202	89	0
147411	286295	202	89	0
147412	286366	202	89	0
147413	286575	202	89	0
147414	286671	202	88	0
147415	286791	202	88	0
147416	286876	203	88	0
147417	286996	202	89	0
147418	287095	202	89	0
147419	287196	202	89	0
147420	287276	202	89	0
147421	287348	201	89	0
147422	287406	201	89	0
147423	287523	201	89	0
147424	287624	201	89	0
147425	287727	201	89	0
147426	287837	201	89	0
147427	287930	201	89	0
147428	288068	201	89	0
147429	288142	201	89	0
147430	288238	201	89	0
147431	288333	201	89	0
147432	288428	201	89	0
147433	288540	201	89	0
147434	288639	201	89	0
147435	288765	201	89	0
147436	288840	201	89	0
147437	288931	201	89	0
147438	289031	201	89	0
147439	289156	201	89	0
147440	289286	201	89	0
147441	289394	201	89	0
147442	289460	201	89	0
147443	289561	201	89	0
147444	289659	201	89	0
147445	289759	201	89	0
147446	289837	201	89	0
147447	289929	201	88	0
147448	290021	202	88	0
147449	290116	202	88	0
147450	290197	202	88	0
147451	290293	202	88	0
147452	290359	202	88	0
147453	290453	202	88	0
147454	290523	202	88	0
147455	290604	202	88	0
147456	290697	202	88	0
147457	290789	202	88	0
147458	290887	202	88	0
147459	290992	202	88	0
147460	291061	202	88	0
147461	291125	202	88	0
147462	291187	202	88	0
147463	291285	202	88	0
147464	291351	202	88	0
147465	291394	202	88	0
147466	291461	202	88	0
147467	291556	202	88	0
147468	291686	202	88	0
147469	291795	202	88	0
147470	291867	202	88	0
147471	291946	202	88	0
147472	292014	202	88	0
147473	292061	202	88	0
147474	292156	202	88	0
147475	292227	202	88	0
147476	292355	202	88	0
147477	292423	202	88	0
147478	292520	202	88	0
147479	292588	203	88	0
147480	292657	203	88	0
147481	292761	203	88	0
147482	292886	203	88	0
147483	292988	203	88	0
147484	293092	203	88	0
147485	293218	203	88	0
147486	293356	204	88	0
147487	293462	204	88	0
147488	293558	204	88	0
147489	293660	204	88	0
147490	293768	204	88	0
147491	293865	204	88	0
147492	293994	204	88	0
147493	294053	204	88	0
147494	294126	204	88	0
147495	294217	204	88	0
147496	294288	204	88	0
147497	294366	203	88	0
147498	294492	203	88	0
147499	294586	203	88	0
147500	294663	203	88	0
147501	294740	203	88	0
147502	294828	203	88	0
147503	294941	203	88	0
147504	295045	203	88	0
147505	295154	203	88	0
147506	295227	203	88	0
147507	295303	202	88	0
147508	295387	202	88	0
147509	295487	202	88	0
147510	295589	202	88	0
147511	295660	202	88	0
147512	295721	202	88	0
147513	295782	202	88	0
147514	295880	202	88	0
147515	295951	202	88	0
147516	296053	202	88	0
147517	296133	202	88	0
147518	296197	202	88	0
147519	296260	202	88	0
147520	296319	202	88	0
147521	296396	202	88	0
147522	296515	202	88	0
147523	296613	202	88	0
147524	296710	202	88	0
147525	296752	202	88	0
147526	296815	202	88	0
147527	296891	202	88	0
147528	297013	202	88	0
147529	297109	202	87	0
147530	297155	203	87	0
147531	297256	203	87	0
147532	297305	203	87	0
147533	297414	203	87	0
147534	297518	203	87	0
147535	297615	203	87	0
147536	297675	203	87	0
147537	297771	203	87	0
147538	297875	204	87	0
147539	297943	204	87	0
147540	297980	204	87	0
147541	298118	204	87	0
147542	298217	204	87	0
147543	298318	204	87	0
147544	298396	204	86	0
147545	298485	205	86	0
147546	298612	205	86	0
147547	298684	205	86	0
147548	298790	205	86	0
147549	298889	205	86	0
147550	298972	205	87	0
147551	299055	205	87	0
147552	299146	205	86	0
147553	299256	205	86	0
147554	299337	205	86	0
147555	299453	205	86	0
147556	299548	205	87	0
147557	299651	205	87	0
147558	299786	205	87	0
147559	299879	205	87	0
147560	299973	205	87	0
147561	300081	205	87	0
