frame	time	x	y	burst
176408	41	152	370	0
176409	76	152	370	0
176410	148	152	370	0
176411	193	152	370	0
176412	236	152	370	0
176413	272	152	370	0
176414	307	152	370	0
176415	364	152	370	0
176416	400	152	370	0
176417	435	152	370	0
176418	481	152	370	0
176419	523	152	370	0
176420	560	152	370	0
176421	607	152	370	0
176422	643	152	370	0
176423	721	152	370	0
176424	760	152	370	0
176425	796	152	370	0
176426	866	152	370	0
176427	915	152	370	0
176428	967	152	370	0
176429	1018	152	370	0
176430	1064	152	370	0
176431	1102	152	370	0
176432	1169	152	370	0
176433	1204	152	370	0
176434	1242	152	370	0
176435	1277	152	370	0
176436	1312	152	370	0
176437	1368	152	370	0
176438	1405	152	370	0
176439	1441	152	370	0
176440	1476	152	370	0
176441	1530	152	370	0
176442	1565	152	370	0
176443	1647	152	370	0
176444	1688	152	370	0
176445	1736	152	370	0
176446	1776	152	370	0
176447	1814	152	370	0
176448	1869	152	370	0
176449	1904	152	370	0
176450	1944	152	370	0
176451	1994	152	370	0
176452	2062	152	370	0
176453	2109	152	370	0
176454	2165	152	370	0
176455	2206	152	370	0
176456	2257	152	370	0
176457	2300	152	370	0
176458	2337	152	370	0
176459	2392	152	370	0
176460	2431	152	370	0
176461	2466	152	370	0
176462	2528	152	370	0
176463	2565	152	370	0
176464	2603	152	370	0
176465	2656	152	370	0
176466	2695	152	370	0
176467	2752	152	370	0
176468	2799	152	370	0
176469	2846	152	370	0
176470	2883	152	370	0
176471	2921	152	370	0
176472	2973	152	370	0
176473	3009	152	370	0
176474	3046	152	370	0
176475	3092	152	370	0
176476	3128	152	370	0
176477	3162	152	370	0
176478	3200	152	370	0
176479	3236	152	370	0
176480	3276	152	370	0
176481	3323	152	370	0
176482	3361	152	370	0
176483	3403	152	370	0
176484	3487	152	370	0
176485	3522	152	370	0
176486	3567	152	370	0
176487	3606	152	370	0
176488	3673	152	370	0
176489	3711	152	370	0
176490	3749	152	370	0
176491	3791	152	370	0
176492	3831	152	370	0
176493	3868	152	370	0
176494	3911	152	370	0
176495	3967	152	370	0
176496	4020	152	370	0
176497	4060	152	370	0
176498	4096	152	370	0
176499	4137	152	370	0
176500	4175	152	370	0
176501	4227	152	370	0
176502	4263	152	370	0
176503	4299	152	370	0
176504	4339	152	370	0
176505	4376	152	370	0
176506	4424	152	370	0
176507	4473	152	370	0
176508	4518	152	370	0
176509	4554	152	370	0
176510	4597	152	370	0
176511	4635	152	370	0
176512	4679	152	370	0
176513	4715	152	370	0
176514	4759	152	370	0
176515	4797	152	370	0
176516	4844	152	370	0
176517	4880	152	370	0
176518	4922	152	370	0
176519	4963	152	370	0
176520	5001	152	370	0
176521	5038	152	370	0
176522	5098	152	370	0
176523	5135	152	370	0
176524	5187	152	370	0
176525	5222	152	370	0
176526	5259	152	370	0
176527	5314	152	370	0
176528	5351	152	370	0
176529	5392	152	370	0
176530	5435	152	370	0
176531	5479	152	370	0
176532	5516	152	370	0
176533	5594	152	370	0
176534	5653	152	370	0
176535	5711	152	370	0
176536	5749	152	370	0
176537	5795	152	370	0
176538	5833	152	370	0
176539	5880	152	370	0
176540	5931	152	370	0
176541	5971	152	370	0
176542	6018	152	370	0
176543	6056	152	370	0
176544	6095	152	370	0
176545	6129	152	370	0
176546	6200	152	370	0
176547	6247	152	370	0
176548	6290	152	370	0
176549	6327	152	370	0
176550	6362	152	370	0
176551	6401	152	370	0
176552	6444	152	370	0
176553	6487	152	370	0
176554	6524	152	370	0
176555	6567	152	370	0
176556	6611	152	370	0
176557	6657	152	370	0
176558	6709	152	370	0
176559	6748	152	370	0
176560	6786	152	370	0
176561	6828	152	370	0
176562	6864	152	370	0
176563	6921	152	370	0
176564	6957	152	370	0
176565	6993	152	370	0
176566	7082	152	370	0
176567	7155	152	370	0
176568	7235	152	370	0
176569	7286	152	370	0
176570	7322	152	370	0
176571	7389	152	370	0
176572	7458	152	370	0
176573	7503	152	370	0
176574	7559	152	370	0
176575	7610	152	370	0
176576	7650	152	370	0
176577	7689	152	370	0
176578	7725	152	370	0
176579	7759	152	370	0
176580	7800	152	370	0
176581	7852	152	370	0
176582	7911	152	370	0
176583	7948	152	370	0
176584	7989	152	370	0
176585	8047	152	370	0
176586	8085	152	370	0
176587	8121	152	370	0
176588	8171	152	370	0
176589	8218	152	370	0
176590	8278	152	370	0
176591	8317	152	370	0
176592	8352	152	370	0
176593	8392	152	370	0
176594	8429	152	370	0
176595	8464	152	370	0
176596	8499	152	370	0
176597	8538	152	370	0
176598	8594	152	370	0
176599	8635	152	370	0
176600	8679	152	370	0
176601	8736	152	370	0
176602	8794	152	370	0
176603	8830	152	370	0
176604	8879	152	370	0
176605	8918	152	370	0
176606	8953	152	370	0
176607	8989	152	370	0
176608	9035	152	370	0
176609	9083	152	370	0
176610	9121	152	370	0
176611	9173	152	370	0
176612	9213	152	370	0
176613	9254	152	370	0
176614	9298	152	370	0
176615	9335	152	370	0
176616	9372	152	370	0
176617	9419	152	370	0
176618	9463	152	370	0
176619	9507	152	370	0
176620	9543	152	370	0
176621	9581	152	370	0
176622	9616	152	370	0
176623	9677	152	370	0
176624	9716	152	370	0
176625	9770	152	370	0
176626	9835	152	370	0
176627	9872	152	370	0
176628	9912	152	370	0
176629	9965	152	370	0
176630	10012	152	370	0
176631	10053	152	370	0
176632	10090	152	370	0
176633	10126	152	370	0
176634	10162	152	370	0
176635	10216	152	370	0
176636	10255	152	370	0
176637	10295	152	370	0
176638	10334	152	370	0
176639	10370	152	370	0
176640	10431	152	370	0
176641	10471	152	370	0
176642	10522	152	370	0
176643	10555	152	370	0
176644	10591	152	370	0
176645	10627	152	370	0
176646	10666	152	370	0
176647	10704	152	370	0
176648	10747	152	370	0
176649	10790	152	370	0
176650	10824	152	370	0
176651	10863	152	370	0
176652	10916	152	370	0
176653	10951	152	370	0
176654	10989	152	370	0
176655	11067	152	370	0
176656	11104	152	370	0
176657	11150	152	370	0
176658	11189	152	370	0
176659	11226	152	370	0
176660	11275	152	369	0
176661	11316	152	369	0
176662	11354	152	369	0
176663	11391	152	369	0
176664	11436	152	369	0
176665	11482	152	369	0
176666	11529	152	369	0
176667	11573	152	369	0
176668	11611	152	369	0
176669	11651	152	369	0
176670	11690	152	369	0
176671	11741	152	369	0
176672	11783	152	369	0
176673	11823	152	368	0
176674	11878	152	368	0
176675	11913	152	368	0
176676	11953	152	368	0
176677	11992	152	368	0
176678	12070	152	368	0
176679	12109	152	368	0
176680	12148	152	368	0
176681	12228	152	368	0
176682	12265	152	368	0
176683	12309	152	368	0
176684	12351	152	368	0
176685	12389	152	368	0
176686	12426	152	368	0
176687	12514	152	368	0
176688	12565	152	368	0
176689	12613	152	368	0
176690	12651	152	368	0
176691	12689	152	368	0
176692	12733	152	368	0
176693	12774	152	368	0
176694	12816	152	368	0
176695	12855	152	368	0
176696	12891	152	368	0
176697	12927	152	368	0
176698	12977	152	368	0
176699	13015	152	368	0
176700	13059	152	368	0
176701	13110	152	368	0
176702	13160	152	368	0
176703	13210	152	368	0
176704	13262	152	368	0
176705	13308	152	368	0
176706	13370	152	368	0
176707	13408	152	368	0
176708	13447	152	368	0
176709	13488	152	368	0
176710	13535	152	368	0
176711	13573	152	367	0
176712	13609	152	368	0
176713	13657	152	367	0
176714	13712	152	367	0
176715	13749	152	367	0
176716	13789	152	367	0
176717	13826	152	367	0
176718	13866	152	367	0
176719	13905	152	367	0
176720	13943	152	367	0
176721	13981	152	367	0
176722	14019	152	367	0
176723	14057	152	367	0
176724	14093	152	367	0
176725	14145	152	367	0
176726	14182	152	367	0
176727	14216	152	367	0
176728	14250	152	367	0
176729	14298	152	367	0
176730	14342	152	367	0
176731	14383	152	367	0
176732	14422	152	367	0
176733	14467	152	367	0
176734	14508	152	367	0
176735	14551	152	367	0
176736	14615	152	367	0
176737	14657	152	367	0
176738	14703	152	367	0
176739	14744	152	367	0
176740	14779	152	367	0
176741	14819	152	367	0
176742	14857	152	367	0
176743	14894	152	367	0
176744	14955	152	367	0
176745	15011	152	367	0
176746	15070	152	367	0
176747	15107	152	367	0
176748	15142	152	367	0
176749	15177	152	367	0
176750	15212	152	367	0
176751	15295	152	367	0
176752	15344	152	367	0
176753	15383	152	367	0
176754	15420	152	367	0
176755	15509	152	367	0
176756	15587	152	367	0
176757	15678	152	367	0
176758	15715	152	367	0
176759	15752	152	367	0
176760	15804	152	367	0
176761	15845	152	367	0
176762	15886	152	367	0
176763	15931	152	367	0
176764	15971	152	367	0
176765	16005	152	367	0
176766	16040	152	367	0
176767	16089	152	367	0
176768	16123	152	367	0
176769	16162	152	367	0
176770	16219	152	367	0
176771	16264	152	367	0
176772	16314	152	367	0
176773	16351	152	367	0
176774	16416	152	367	0
176775	16459	152	367	0
176776	16508	152	367	0
176777	16577	152	367	0
176778	16616	152	367	0
176779	16655	152	367	0
176780	16692	152	367	0
176781	16737	152	367	0
176782	16775	152	367	0
176783	16812	152	367	0
176784	16852	152	367	0
176785	16893	152	367	0
176786	16935	152	367	0
176787	16984	152	367	0
176788	17022	152	367	0
176789	17057	152	367	0
176790	17093	152	367	0
176791	17138	152	367	0
176792	17176	152	367	0
176793	17256	152	367	0
176794	17292	152	367	0
176795	17340	152	367	0
176796	17383	152	367	0
176797	17418	152	367	0
176798	17483	152	367	0
176799	17518	152	367	0
176800	17558	152	367	0
176801	17593	152	367	0
176802	17630	152	367	0
176803	17667	152	367	0
176804	17706	152	367	0
176805	17742	152	367	0
176806	17777	152	367	0
176807	17815	152	367	0
176808	17850	152	367	0
176809	17911	152	367	0
176810	17952	152	367	0
176811	17997	152	367	0
176812	18041	152	367	0
176813	18076	152	367	0
176814	18116	152	367	0
176815	18161	152	367	0
176816	18211	152	367	0
176817	18248	152	367	0
176818	18304	152	367	0
176819	18345	152	367	0
176820	18395	152	367	0
176821	18446	152	367	0
176822	18494	152	367	0
176823	18534	152	367	0
176824	18567	152	367	0
176825	18613	152	367	0
176826	18660	152	367	0
176827	18696	152	367	0
176828	18778	152	367	0
176829	18850	152	367	0
176830	18899	152	367	0
176831	18943	152	367	0
176832	18980	152	367	0
176833	19036	152	367	0
176834	19078	152	367	0
176835	19135	152	367	0
176836	19173	152	367	0
176837	19229	152	367	0
176838	19264	152	367	0
176839	19305	152	367	0
176840	19368	152	367	0
176841	19423	152	367	0
176842	19465	152	367	0
176843	19503	152	367	0
176844	19539	152	367	0
176845	19577	152	367	0
176846	19612	152	367	0
176847	19662	152	367	0
176848	19703	152	367	0
176849	19743	152	367	0
176850	19779	152	367	0
176851	19819	152	367	0
176852	19871	152	367	0
176853	19914	152	367	0
176854	19963	152	367	0
176855	20002	152	367	0
176856	20044	152	367	0
176857	20093	152	367	0
176858	20134	152	367	0
176859	20197	152	367	0
176860	20234	152	367	0
176861	20286	152	367	0
176862	20327	152	367	0
176863	20363	152	367	0
176864	20410	152	367	0
176865	20475	152	367	0
176866	20520	152	367	0
176867	20557	152	367	0
176868	20595	152	367	0
176869	20638	152	367	0
176870	20694	152	367	0
176871	20733	152	367	0
176872	20773	152	367	0
176873	20818	152	367	0
176874	20856	152	367	0
176875	20892	152	367	0
176876	20928	152	367	0
176877	20968	152	367	0
176878	21005	152	367	0
176879	21057	152	367	0
176880	21100	152	367	0
176881	21142	152	367	0
176882	21192	152	367	0
176883	21243	152	367	0
176884	21286	152	367	0
176885	21334	152	367	0
176886	21374	152	367	0
176887	21420	152	367	0
176888	21461	152	367	0
176889	21503	152	367	0
176890	21542	152	367	0
176891	21606	152	367	0
176892	21647	152	367	0
176893	21683	152	367	0
176894	21723	152	367	0
176895	21767	152	367	0
176896	21825	152	367	0
176897	21861	152	367	0
176898	21905	152	367	0
176899	21942	152	367	0
176900	21980	152	367	0
176901	22020	152	367	0
176902	22055	152	367	0
176903	22092	152	367	0
176904	22158	152	367	0
176905	22206	152	367	0
176906	22242	152	367	0
176907	22282	152	367	0
176908	22320	152	367	0
176909	22354	152	367	0
176910	22409	152	367	0
176911	22445	152	368	0
176912	22481	152	367	0
176913	22536	152	367	0
176914	22578	152	367	0
176915	22612	152	367	0
176916	22646	152	366	0
176917	22704	152	364	0
176918	22744	152	363	0
176919	22781	152	363	0
176920	22818	153	361	0
176921	22858	153	359	0
176922	22894	153	358	0
176923	22944	153	356	0
176924	23005	154	352	0
176925	23047	155	349	0
176926	23105	155	347	0
176927	23146	155	345	0
176928	23210	155	343	0
176929	23250	156	340	0
176930	23290	156	338	0
176931	23325	156	336	0
176932	23360	156	334	0
176933	23395	156	332	0
176934	23430	157	330	0
176935	23469	157	328	0
176936	23535	157	323	0
176937	23575	158	318	0
176938	23640	158	316	0
176939	23679	159	311	0
176940	23716	160	308	0
176941	23763	160	305	0
176942	23834	161	303	0
176943	23879	161	295	0
176944	23929	161	293	0
176945	23979	162	287	0
176946	24036	162	285	0
176947	24072	162	282	0
176948	24108	162	277	0
176949	24176	162	274	0
176950	24212	162	270	0
176951	24262	162	265	0
176952	24295	162	262	0
176953	24352	162	257	0
176954	24386	162	254	0
176955	24431	162	251	0
176956	24469	162	248	0
176957	24513	162	246	0
176958	24555	162	243	0
176959	24591	162	237	0
176960	24631	163	234	0
176961	24681	164	231	0
176962	24735	164	225	0
176963	24781	164	220	0
176964	24829	164	218	0
176965	24868	164	215	0
176966	24914	164	212	0
176967	24951	163	208	0
176968	25000	162	205	0
176969	25041	162	199	0
176970	25098	162	196	0
176971	25134	163	193	0
176972	25172	163	188	0
176973	25208	163	185	0
176974	25290	163	181	0
176975	25335	162	176	0
176976	25396	162	173	0
176977	25436	161	166	0
176978	25472	161	164	0
176979	25510	161	158	0
176980	25567	161	154	0
176981	25608	160	151	0
176982	25647	160	148	0
176983	25684	160	146	0
176984	25724	160	139	0
176985	25764	160	136	0
176986	25825	160	134	0
176987	25864	159	128	0
176988	25900	159	126	0
176989	25943	158	119	0
176990	25992	157	116	0
176991	26030	157	114	0
176992	26092	157	111	0
176993	26140	156	105	0
176994	26190	156	102	0
176995	26228	155	99	0
176996	26274	155	96	0
176997	26313	155	92	0
176998	26361	155	91	0
176999	26398	155	91	0
177000	26439	155	93	0
177001	26481	155	93	0
177002	26527	155	93	0
177003	26565	155	94	0
177004	26604	155	95	0
177005	26657	155	95	0
177006	26702	155	95	0
177007	26736	155	96	0
177008	26770	155	96	0
177009	26808	155	96	0
177010	26844	154	96	0
177011	26882	154	97	0
177012	26916	155	97	0
177013	26957	155	98	0
177014	26994	155	98	0
177015	27033	156	98	0
177016	27091	155	100	0
177017	27128	155	100	0
177018	27171	155	101	0
177019	27210	153	102	0
177020	27247	152	103	0
177021	27300	152	104	0
177022	27341	152	105	0
177023	27379	152	106	0
177024	27453	152	106	0
177025	27488	152	107	0
177026	27537	152	107	0
177027	27575	152	109	0
177028	27613	152	111	0
177029	27648	152	112	0
177030	27688	153	113	0
177031	27724	153	114	0
177032	27769	153	115	0
177033	27818	153	116	0
177034	27866	153	118	0
177035	27903	153	119	0
177036	27989	153	119	0
177037	28029	153	119	0
177038	28066	153	119	0
177039	28105	153	119	0
177040	28165	153	119	0
177041	28201	153	119	0
177042	28285	153	120	0
177043	28324	154	120	0
177044	28384	154	120	0
177045	28427	154	121	0
177046	28477	154	120	0
177047	28526	154	120	0
177048	28569	154	120	0
177049	28616	154	120	0
177050	28653	154	120	0
177051	28693	154	120	0
177052	28732	154	120	0
177053	28775	154	120	0
177054	28818	154	120	0
177055	28857	154	120	0
177056	28893	154	120	0
177057	28929	154	120	0
177058	28964	154	120	0
177059	29008	154	120	0
177060	29055	154	120	0
177061	29091	154	120	0
177062	29128	154	120	0
177063	29169	154	120	0
177064	29212	154	120	0
177065	29265	154	120	0
177066	29303	154	120	0
177067	29343	154	120	0
177068	29390	154	120	0
177069	29435	154	120	0
177070	29497	154	120	0
177071	29545	154	120	0
177072	29584	154	120	0
177073	29619	154	120	0
177074	29654	154	120	0
177075	29700	154	120	0
177076	29736	154	120	0
177077	29773	154	120	0
177078	29810	154	120	0
177079	29857	154	120	0
177080	29920	154	120	0
177081	29962	154	120	0
177082	29998	154	120	0
177083	30039	154	120	0
177084	30075	154	120	0
177085	30112	154	120	0
177086	30147	154	120	0
177087	30189	154	120	0
177088	30227	154	120	0
177089	30267	154	120	0
177090	30303	154	120	0
177091	30343	154	120	0
177092	30378	154	120	0
177093	30417	154	120	0
177094	30495	154	120	0
177095	30545	154	120	0
177096	30582	154	120	0
177097	30638	154	120	0
177098	30672	154	120	0
177099	30732	154	120	0
177100	30768	154	121	0
177101	30807	154	120	0
177102	30861	154	120	0
177103	30910	154	120	0
177104	30944	154	120	0
177105	30987	154	120	0
177106	31037	154	121	0
177107	31085	154	121	0
177108	31125	154	120	0
177109	31161	154	120	0
177110	31199	154	121	0
177111	31235	154	121	0
177112	31272	154	120	0
177113	31307	154	120	0
177114	31343	154	120	0
177115	31398	154	121	0
177116	31457	154	120	0
177117	31493	154	120	0
177118	31532	154	120	0
177119	31578	154	120	0
177120	31626	154	121	0
177121	31692	154	120	0
177122	31725	154	120	0
177123	31762	154	120	0
177124	31809	154	120	0
177125	31862	154	120	0
177126	31904	154	120	0
177127	31983	154	120	0
177128	32020	154	121	0
177129	32055	154	120	0
177130	32096	154	120	0
177131	32134	154	121	0
177132	32190	153	122	0
177133	32227	153	122	0
177134	32285	152	123	0
177135	32331	152	125	0
177136	32367	152	126	0
177137	32428	150	129	0
177138	32482	150	130	0
177139	32520	149	135	0
177140	32581	149	135	0
177141	32620	149	138	0
177142	32660	147	140	0
177143	32699	147	141	0
177144	32736	146	144	0
177145	32794	145	146	0
177146	32835	144	147	0
177147	32884	144	148	0
177148	32922	144	149	0
177149	32964	144	149	0
177150	33024	144	151	0
177151	33061	144	152	0
177152	33096	143	153	0
177153	33150	142	156	0
177154	33208	142	157	0
177155	33258	142	161	0
177156	33315	142	166	0
177157	33357	142	169	0
177158	33396	142	170	0
177159	33432	142	175	0
177160	33505	143	177	0
177161	33539	144	182	0
177162	33580	144	184	0
177163	33616	144	186	0
177164	33654	144	188	0
177165	33691	145	192	0
177166	33762	145	193	0
177167	33798	146	195	0
177168	33835	146	196	0
177169	33891	146	197	0
177170	33939	146	199	0
177171	33983	146	202	0
177172	34032	147	204	0
177173	34075	147	209	0
177174	34126	147	212	0
177175	34170	148	215	0
177176	34223	148	217	0
177177	34268	149	220	0
177178	34304	149	225	0
177179	34364	149	227	0
177180	34421	150	233	0
177181	34474	150	236	0
177182	34516	150	237	0
177183	34557	150	238	0
177184	34594	150	242	0
177185	34654	150	243	0
177186	34691	150	247	0
177187	34745	150	249	0
177188	34790	150	254	0
177189	34843	151	259	0
177190	34885	151	262	0
177191	34926	151	264	0
177192	34989	152	270	0
177193	35033	152	275	0
177194	35087	152	278	0
177195	35139	152	281	0
177196	35183	153	286	0
177197	35246	153	289	0
177198	35291	154	294	0
177199	35327	156	300	0
177200	35374	156	302	0
177201	35412	156	305	0
177202	35461	157	308	0
177203	35499	157	310	0
177204	35551	158	313	0
177205	35590	159	318	0
177206	35626	160	324	0
177207	35676	160	327	0
177208	35713	161	329	0
177209	35752	161	332	0
177210	35788	162	335	0
177211	35828	162	337	0
177212	35867	162	339	0
177213	35903	162	340	0
177214	35938	163	340	0
177215	35981	163	341	0
177216	36026	163	341	0
177217	36114	163	342	0
177218	36152	163	344	0
177219	36188	163	345	0
177220	36222	162	347	0
177221	36260	161	348	0
177222	36296	161	351	0
177223	36333	161	353	0
177224	36372	161	356	0
177225	36426	161	359	0
177226	36489	161	363	0
177227	36524	161	367	0
177228	36577	161	374	0
177229	36615	161	376	0
177230	36660	162	381	0
177231	36697	162	383	0
177232	36733	162	385	0
177233	36775	163	386	0
177234	36814	163	389	0
177235	36860	162	391	0
177236	36904	162	392	0
177237	36955	162	393	0
177238	37010	162	392	0
177239	37053	163	392	0
177240	37092	163	392	0
177241	37157	163	391	0
177242	37194	163	391	0
177243	37256	163	391	0
177244	37298	163	390	0
177245	37338	164	390	0
177246	37374	164	390	0
177247	37419	164	390	0
177248	37467	164	390	0
177249	37512	164	390	0
177250	37552	164	390	0
177251	37596	164	391	0
177252	37634	164	391	0
177253	37669	164	391	0
177254	37713	164	391	0
177255	37753	164	391	0
177256	37789	164	390	0
177257	37832	164	390	0
177258	37869	164	390	0
177259	37911	164	390	0
177260	37960	164	390	0
177261	38026	163	390	0
177262	38071	163	390	0
177263	38107	163	390	0
177264	38146	163	390	0
177265	38186	163	390	0
177266	38237	163	390	0
177267	38279	163	390	0
177268	38320	163	390	0
177269	38358	163	390	0
177270	38401	163	390	0
177271	38456	163	390	0
177272	38511	163	391	0
177273	38553	163	391	0
177274	38587	162	391	0
177275	38649	162	391	0
177276	38686	162	391	0
177277	38725	162	391	0
177278	38762	162	391	0
177279	38806	162	391	0
177280	38858	162	391	0
177281	38897	162	391	0
177282	38934	162	391	0
177283	38973	162	391	0
177284	39014	162	392	0
177285	39049	163	392	0
177286	39086	163	393	0
177287	39124	164	394	0
177288	39180	165	394	0
177289	39216	165	393	0
177290	39253	166	394	0
177291	39294	166	393	0
177292	39351	168	394	0
177293	39412	169	395	0
177294	39471	171	397	0
177295	39507	173	398	0
177296	39549	174	398	0
177297	39589	176	399	0
177298	39645	177	400	0
177299	39693	179	402	0
177300	39753	181	403	0
177301	39790	183	406	0
177302	39827	184	406	0
177303	39866	186	408	0
177304	39901	189	410	0
177305	39942	189	409	0
177306	39981	190	410	0
177307	40023	191	410	0
177308	40061	192	410	0
177309	40113	194	412	0
177310	40148	196	413	0
177311	40183	197	414	0
177312	40233	198	414	0
177313	40277	201	417	0
177314	40349	202	417	0
177315	40416	203	418	0
177316	40481	204	418	0
177317	40528	204	418	0
177318	40575	204	418	0
177319	40636	204	418	0
177320	40679	204	417	0
177321	40724	204	417	0
177322	40779	204	417	0
177323	40819	204	417	0
177324	40879	205	418	0
177325	40953	205	418	0
177326	41015	205	418	0
177327	41067	205	418	0
177328	41104	205	418	0
177329	41145	205	418	0
177330	41181	205	418	0
177331	41218	205	418	0
177332	41284	205	418	0
177333	41321	205	418	0
177334	41370	205	418	0
177335	41408	205	418	0
177336	41444	205	418	0
177337	41501	205	418	0
177338	41553	205	418	0
177339	41594	204	418	0
177340	41629	204	418	0
177341	41675	204	418	0
177342	41719	204	418	0
177343	41753	204	418	0
177344	41808	204	418	0
177345	41879	204	418	0
177346	41932	205	418	0
177347	41969	205	418	0
177348	42011	205	418	0
177349	42048	205	418	0
177350	42085	205	418	0
177351	42126	206	418	0
177352	42162	207	418	0
177353	42198	208	418	0
177354	42262	209	418	0
177355	42302	210	417	0
177356	42344	213	417	0
177357	42383	215	417	0
177358	42419	218	417	0
177359	42454	220	418	0
177360	42516	223	419	0
177361	42554	224	419	0
177362	42591	226	419	0
177363	42635	231	420	0
177364	42738	233	421	0
177365	42805	241	424	0
177366	42842	245	424	0
177367	42890	247	425	0
177368	42925	253	427	0
177369	42972	256	428	0
177370	43025	259	430	0
177371	43085	263	431	0
177372	43123	269	433	0
177373	43168	271	434	0
177374	43207	274	435	0
177375	43252	279	436	0
177376	43296	281	437	0
177377	43348	283	437	0
177378	43384	284	437	0
177379	43420	286	437	0
177380	43477	286	436	0
177381	43531	290	436	0
177382	43568	291	436	0
177383	43628	293	436	0
177384	43668	297	436	0
177385	43705	299	436	0
177386	43742	301	436	0
177387	43778	303	436	0
177388	43817	305	436	0
177389	43870	309	436	0
177390	43924	310	436	0
177391	43959	311	435	0
177392	44010	314	434	0
177393	44045	317	434	0
177394	44083	320	434	0
177395	44117	322	434	0
177396	44160	324	433	0
177397	44218	325	434	0
177398	44269	327	433	0
177399	44317	330	432	0
177400	44402	333	431	0
177401	44454	334	431	0
177402	44506	335	431	0
177403	44550	335	431	0
177404	44588	335	431	0
177405	44624	335	431	0
177406	44684	335	431	0
177407	44722	335	431	0
177408	44773	335	431	0
177409	44812	335	431	0
177410	44849	335	431	0
177411	44888	335	431	0
177412	44930	335	431	0
177413	44982	335	431	0
177414	45018	335	431	0
177415	45083	335	431	0
177416	45129	335	431	0
177417	45169	335	431	0
177418	45212	335	431	0
177419	45249	335	431	0
177420	45315	335	431	0
177421	45351	335	431	0
177422	45399	335	431	0
177423	45437	335	431	0
177424	45477	335	431	0
177425	45514	335	431	0
177426	45554	334	431	0
177427	45591	333	431	0
177428	45631	334	432	0
177429	45669	334	432	0
177430	45706	333	432	0
177431	45742	333	433	0
177432	45784	333	433	0
177433	45823	333	433	0
177434	45859	333	433	0
177435	45919	333	433	0
177436	45995	332	433	0
177437	46030	332	433	0
177438	46069	332	433	0
177439	46129	332	433	0
177440	46172	332	433	0
177441	46229	332	433	0
177442	46265	332	434	0
177443	46302	332	433	0
177444	46350	332	433	0
177445	46390	332	433	0
177446	46427	332	433	0
177447	46464	333	434	0
177448	46522	333	434	0
177449	46568	333	434	0
177450	46612	333	434	0
177451	46650	333	434	0
177452	46708	333	433	0
177453	46761	333	433	0
177454	46798	333	433	0
177455	46837	333	433	0
177456	46872	333	433	0
177457	46907	333	434	0
177458	46947	333	434	0
177459	46987	333	434	0
177460	47022	334	434	0
177461	47061	334	434	0
177462	47098	334	434	0
177463	47137	334	434	0
177464	47173	334	434	0
177465	47213	334	434	0
177466	47270	334	434	0
177467	47316	334	434	0
177468	47353	334	434	0
177469	47400	333	434	0
177470	47438	333	435	0
177471	47475	333	435	0
177472	47513	333	435	0
177473	47554	333	435	0
177474	47607	333	435	0
177475	47643	333	434	0
177476	47680	333	434	0
177477	47737	333	434	0
177478	47798	332	435	0
177479	47836	332	436	0
177480	47873	332	436	0
177481	47917	332	436	0
177482	47962	332	436	0
177483	48010	332	436	0
177484	48064	332	436	0
177485	48106	332	436	0
177486	48164	332	436	0
177487	48215	332	436	0
177488	48303	332	436	0
177489	48339	332	436	0
177490	48378	332	436	0
177491	48414	332	436	0
177492	48462	332	436	0
177493	48499	332	436	0
177494	48537	332	435	0
177495	48578	331	436	0
177496	48633	330	437	0
177497	48677	330	437	0
177498	48735	330	438	0
177499	48775	330	438	0
177500	48829	330	437	0
177501	48868	330	437	0
177502	48924	330	436	0
177503	48963	330	436	0
177504	49007	329	437	0
177505	49045	329	437	0
177506	49112	328	437	0
177507	49147	327	437	0
177508	49201	326	437	0
177509	49246	326	437	0
177510	49282	324	438	0
177511	49341	323	437	0
177512	49381	322	437	0
177513	49417	322	436	0
177514	49454	322	436	0
177515	49490	322	436	0
177516	49526	322	436	0
177517	49574	322	436	0
177518	49611	322	436	0
177519	49668	321	436	0
177520	49702	321	436	0
177521	49740	320	436	0
177522	49777	318	437	0
177523	49814	318	437	0
177524	49853	318	437	0
177525	49896	318	436	0
177526	49942	318	436	0
177527	49986	318	436	0
177528	50024	317	437	0
177529	50065	317	437	0
177530	50106	317	437	0
177531	50145	317	437	0
177532	50183	317	437	0
177533	50223	317	437	0
177534	50272	317	437	0
177535	50313	317	437	0
177536	50374	318	436	0
177537	50413	318	436	0
177538	50475	318	436	0
177539	50508	318	436	0
177540	50544	318	436	0
177541	50600	318	436	0
177542	50653	318	436	0
177543	50692	318	436	0
177544	50740	318	436	0
177545	50777	318	436	0
177546	50817	319	436	0
177547	50855	319	436	0
177548	50893	319	436	0
177549	50931	318	436	0
177550	50970	318	436	0
177551	51004	318	436	0
177552	51073	318	436	0
177553	51109	318	436	0
177554	51175	318	436	0
177555	51226	318	436	0
177556	51264	318	436	0
177557	51306	318	436	0
177558	51359	319	436	0
177559	51398	319	436	0
177560	51446	319	436	0
177561	51497	319	436	0
177562	51543	318	437	0
177563	51590	318	437	0
177564	51630	318	437	0
177565	51670	318	437	0
177566	51706	318	437	0
177567	51744	318	437	0
177568	51780	318	437	0
177569	51820	318	437	0
177570	51861	318	437	0
177571	51900	318	437	0
177572	51940	318	437	0
177573	51997	318	437	0
177574	52042	317	437	0
177575	52104	317	437	0
177576	52142	317	436	0
177577	52200	317	435	0
177578	52266	317	434	0
177579	52303	316	434	0
177580	52355	315	434	0
177581	52392	315	434	0
177582	52430	315	434	0
177583	52490	315	433	0
177584	52527	314	432	0
177585	52565	314	431	0
177586	52606	312	431	0
177587	52642	311	430	0
177588	52678	311	429	0
177589	52714	310	428	0
177590	52755	310	428	0
177591	52797	309	426	0
177592	52838	309	425	0
177593	52876	309	425	0
177594	52911	309	423	0
177595	52960	309	422	0
177596	53016	308	421	0
177597	53054	308	418	0
177598	53101	308	417	0
177599	53142	308	416	0
177600	53183	308	415	0
177601	53218	309	415	0
177602	53262	309	415	0
177603	53302	309	415	0
177604	53352	309	415	0
177605	53407	309	415	0
177606	53441	309	415	0
177607	53500	309	415	0
177608	53539	309	415	0
177609	53608	309	415	0
177610	53658	309	415	0
177611	53694	309	414	0
177612	53739	309	414	0
177613	53783	309	414	0
177614	53824	309	414	0
177615	53865	309	414	0
177616	53910	309	414	0
177617	53963	309	414	0
177618	54005	309	414	0
177619	54053	309	414	0
177620	54090	309	414	0
177621	54145	309	414	0
177622	54197	309	414	0
177623	54236	309	414	0
177624	54279	309	414	0
177625	54344	309	414	0
177626	54386	309	414	0
177627	54427	309	414	0
177628	54484	309	414	0
177629	54542	309	414	0
177630	54594	309	414	0
177631	54633	309	414	0
177632	54673	309	414	0
177633	54714	309	414	0
177634	54760	309	414	0
177635	54817	309	414	0
177636	54861	309	414	0
177637	54897	309	414	0
177638	54933	309	414	0
177639	54972	309	414	0
177640	55011	309	414	0
177641	55088	309	414	0
177642	55136	309	414	0
177643	55180	309	414	0
177644	55216	309	414	0
177645	55254	309	414	0
177646	55303	309	414	0
177647	55349	309	414	0
177648	55401	309	414	0
177649	55451	309	414	0
177650	55488	309	414	0
177651	55525	309	414	0
177652	55562	309	414	0
177653	55609	309	414	0
177654	55648	309	414	0
177655	55724	309	414	0
177656	55762	309	414	0
177657	55798	309	414	0
177658	55837	309	414	0
177659	55881	309	414	0
177660	55918	309	414	0
177661	55967	309	414	0
177662	56007	309	414	0
177663	56056	309	414	0
177664	56098	309	414	0
177665	56147	309	414	0
177666	56191	309	414	0
177667	56232	309	414	0
177668	56275	309	414	0
177669	56334	309	414	0
177670	56423	309	414	0
177671	56461	309	414	0
177672	56500	309	414	0
177673	56539	309	414	0
177674	56580	309	414	0
177675	56620	309	414	0
177676	56662	309	414	0
177677	56698	309	414	0
177678	56731	309	414	0
177679	56767	309	414	0
177680	56803	309	414	0
177681	56848	309	414	0
177682	56884	309	414	0
177683	56936	309	414	0
177684	56989	309	414	0
177685	57034	309	414	0
177686	57086	309	414	0
177687	57122	309	414	0
177688	57161	309	414	0
177689	57198	309	414	0
177690	57239	309	414	0
177691	57274	309	414	0
177692	57312	309	414	0
177693	57348	309	414	0
177694	57444	309	414	0
177695	57486	309	414	0
177696	57547	309	414	0
177697	57584	309	414	0
177698	57623	309	414	0
177699	57672	309	414	0
177700	57723	309	414	0
177701	57768	309	414	0
177702	57803	309	414	0
177703	57844	309	414	0
177704	57883	309	414	0
177705	57922	309	414	0
177706	57964	309	414	0
177707	58002	309	414	0
177708	58037	309	414	0
177709	58087	309	414	0
177710	58133	309	414	0
177711	58170	309	414	0
177712	58223	309	414	0
177713	58276	309	414	0
177714	58312	309	414	0
177715	58368	309	414	0
177716	58419	309	414	0
177717	58467	309	414	0
177718	58514	309	414	0
177719	58567	309	414	0
177720	58608	309	414	0
177721	58669	309	414	0
177722	58717	309	414	0
177723	58762	309	414	0
177724	58811	309	414	0
177725	58849	309	414	0
177726	58904	309	414	0
177727	58942	309	414	0
177728	58978	309	414	0
177729	59010	309	414	0
177730	59044	309	414	0
177731	59079	309	414	0
177732	59130	309	414	0
177733	59166	309	414	0
177734	59202	309	414	0
177735	59251	309	414	0
177736	59289	309	414	0
177737	59328	309	414	0
177738	59368	309	414	0
177739	59416	309	414	0
177740	59467	309	414	0
177741	59515	309	414	0
177742	59560	309	414	0
177743	59598	309	413	0
177744	59634	309	412	0
177745	59675	309	412	0
177746	59734	309	411	0
177747	59770	309	409	0
177748	59826	309	407	0
177749	59873	309	406	0
177750	59922	309	404	0
177751	59967	309	402	0
177752	60013	309	400	0
177753	60053	309	398	0
177754	60103	309	397	0
177755	60148	310	393	0
177756	60181	310	391	0
177757	60234	310	389	0
177758	60315	310	384	0
177759	60365	310	379	0
177760	60403	311	375	0
177761	60442	311	373	0
177762	60487	311	371	0
177763	60535	311	367	0
177764	60619	311	364	0
177765	60665	310	360	0
177766	60705	311	356	0
177767	60755	311	353	0
177768	60802	311	351	0
177769	60845	311	349	0
177770	60888	311	344	0
177771	60932	311	340	0
177772	60992	311	337	0
177773	61052	311	332	0
177774	61089	311	329	0
177775	61148	311	327	0
177776	61188	310	322	0
177777	61245	310	320	0
177778	61290	309	315	0
177779	61340	308	310	0
177780	61379	308	308	0
177781	61437	308	302	0
177782	61489	307	300	0
177783	61549	306	297	0
177784	61598	305	292	0
177785	61647	304	287	0
177786	61703	304	285	0
177787	61750	303	279	0
177788	61801	303	277	0
177789	61836	302	272	0
177790	61871	301	270	0
177791	61926	301	267	0
177792	61967	301	266	0
177793	62021	300	260	0
177794	62060	299	257	0
177795	62098	299	251	0
177796	62147	299	249	0
177797	62188	298	246	0
177798	62225	297	240	0
177799	62276	297	238	0
177800	62315	296	235	0
177801	62362	296	231	0
177802	62456	295	226	0
177803	62519	293	217	0
177804	62580	292	212	0
177805	62624	292	209	0
177806	62665	292	206	0
177807	62704	291	201	0
177808	62740	291	200	0
177809	62785	290	197	0
177810	62824	289	193	0
177811	62877	287	188	0
177812	62915	287	185	0
177813	62952	286	183	0
177814	62986	285	177	0
177815	63024	284	173	0
177816	63072	283	171	0
177817	63111	282	168	0
177818	63150	281	165	0
177819	63188	280	162	0
177820	63227	279	159	0
177821	63277	278	154	0
177822	63318	277	150	0
177823	63360	275	144	0
177824	63397	275	142	0
177825	63431	274	139	0
177826	63467	273	136	0
177827	63501	272	133	0
177828	63535	271	130	0
177829	63577	270	127	0
177830	63626	270	124	0
177831	63683	269	122	0
177832	63740	266	116	0
177833	63778	265	111	0
177834	63814	263	108	0
177835	63850	262	105	0
177836	63919	260	99	0
177837	63955	259	96	0
177838	63995	258	93	0
177839	64031	256	88	0
177840	64067	254	85	0
177841	64105	253	83	0
177842	64141	252	79	0
177843	64189	251	77	0
177844	64232	250	73	0
177845	64289	249	70	0
177846	64327	248	68	0
177847	64363	247	63	0
177848	64419	246	61	0
177849	64461	246	58	0
177850	64498	245	55	0
177851	64536	246	53	0
177852	64576	246	53	0
177853	64621	246	52	0
177854	64664	247	51	0
177855	64703	247	50	0
177856	64753	248	49	0
177857	64792	249	48	0
177858	64833	250	46	0
177859	64875	252	44	0
177860	64919	253	43	0
177861	64951	254	43	0
177862	65004	254	43	0
177863	65052	256	42	0
177864	65093	256	42	0
177865	65135	257	42	0
177866	65169	258	42	0
177867	65204	258	43	0
177868	65266	258	43	0
177869	65304	258	43	0
177870	65362	258	44	0
177871	65398	258	44	0
177872	65442	258	43	0
177873	65479	258	43	0
177874	65515	258	42	0
177875	65586	258	42	0
177876	65622	258	42	0
177877	65669	258	42	0
177878	65714	258	41	0
177879	65765	258	41	0
177880	65802	259	41	0
177881	65838	259	41	0
177882	65892	260	41	0
177883	65926	260	41	0
177884	65970	260	41	0
177885	66010	260	41	0
177886	66045	260	42	0
177887	66101	260	41	0
177888	66146	260	42	0
177889	66187	260	42	0
177890	66235	260	42	0
177891	66273	260	42	0
177892	66315	261	42	0
177893	66372	260	44	0
177894	66415	260	44	0
177895	66452	261	44	0
177896	66489	261	44	0
177897	66526	261	44	0
177898	66566	260	45	0
177899	66607	260	45	0
177900	66646	260	45	0
177901	66682	260	45	0
177902	66724	260	45	0
177903	66776	260	45	0
177904	66815	260	45	0
177905	66861	260	45	0
177906	66907	260	45	0
177907	66944	260	45	0
177908	66982	260	45	0
177909	67021	260	45	0
177910	67054	260	45	0
177911	67106	260	45	0
177912	67143	260	45	0
177913	67183	260	45	0
177914	67221	260	45	0
177915	67262	260	45	0
177916	67304	260	45	0
177917	67358	260	45	0
177918	67394	260	45	0
177919	67449	260	45	0
177920	67497	260	45	0
177921	67543	260	45	0
177922	67584	260	45	0
177923	67625	260	45	0
177924	67686	260	45	0
177925	67723	260	45	0
177926	67776	260	45	0
177927	67816	260	45	0
177928	67865	260	45	0
177929	67920	260	45	0
177930	67959	260	45	0
177931	68022	260	45	0
177932	68059	260	45	0
177933	68093	260	45	0
177934	68128	260	45	0
177935	68163	260	45	0
177936	68200	260	45	0
177937	68238	260	45	0
177938	68273	260	45	0
177939	68310	260	45	0
177940	68346	260	45	0
177941	68380	260	45	0
177942	68416	260	45	0
177943	68451	260	45	0
177944	68488	260	45	0
177945	68538	260	45	0
177946	68579	260	45	0
177947	68619	260	45	0
177948	68672	260	45	0
177949	68713	260	45	0
177950	68752	260	45	0
177951	68792	260	45	0
177952	68843	260	45	0
177953	68879	260	45	0
177954	68917	260	45	0
177955	68956	260	45	0
177956	69004	260	45	0
177957	69045	260	45	0
177958	69101	260	45	0
177959	69144	260	45	0
177960	69181	260	45	0
177961	69216	260	45	0
177962	69253	260	45	0
177963	69293	260	45	0
177964	69331	260	45	0
177965	69369	260	45	0
177966	69418	260	45	0
177967	69457	260	45	0
177968	69511	260	45	0
177969	69546	260	45	0
177970	69594	260	45	0
177971	69634	260	45	0
177972	69686	260	45	0
177973	69726	260	45	0
177974	69760	260	45	0
177975	69809	260	45	0
177976	69851	260	45	0
177977	69889	260	45	0
177978	69944	260	44	0
177979	69982	260	44	0
177980	70064	260	43	0
177981	70105	261	42	0
177982	70148	262	42	0
177983	70187	262	42	0
177984	70225	262	42	0
177985	70316	262	42	0
177986	70365	263	43	0
177987	70405	264	43	0
177988	70452	264	43	0
177989	70500	263	44	0
177990	70542	263	44	0
177991	70585	262	44	0
177992	70648	262	44	0
177993	70684	261	45	0
177994	70719	261	45	0
177995	70754	260	46	0
177996	70789	260	46	0
177997	70826	260	46	0
177998	70865	260	46	0
177999	70903	260	46	0
178000	70939	260	46	0
178001	70983	260	46	0
178002	71017	259	46	0
178003	71051	258	46	0
178004	71089	258	46	0
178005	71131	258	46	0
178006	71188	258	46	0
178007	71247	258	45	0
178008	71284	257	46	0
178009	71321	257	45	0
178010	71371	257	45	0
178011	71409	257	45	0
178012	71445	257	45	0
178013	71483	257	45	0
178014	71521	256	45	0
178015	71574	256	45	0
178016	71609	256	45	0
178017	71646	256	45	0
178018	71686	256	45	0
178019	71722	256	45	0
178020	71757	256	45	0
178021	71796	256	45	0
178022	71833	256	45	0
178023	71886	256	45	0
178024	71924	256	45	0
178025	71982	256	45	0
178026	72042	256	45	0
178027	72088	255	45	0
178028	72144	254	45	0
178029	72190	254	46	0
178030	72225	254	46	0
178031	72261	255	47	0
178032	72300	255	47	0
178033	72344	254	47	0
178034	72382	253	46	0
178035	72418	252	46	0
178036	72462	252	46	0
178037	72501	251	46	0
178038	72548	251	47	0
178039	72585	251	47	0
178040	72630	251	47	0
178041	72667	251	48	0
178042	72716	251	48	0
178043	72753	251	48	0
178044	72793	251	48	0
178045	72851	250	48	0
178046	72889	249	49	0
178047	72926	249	49	0
178048	72962	248	50	0
178049	72996	247	51	0
178050	73029	245	52	0
178051	73064	245	52	0
178052	73108	245	53	0
178053	73164	244	55	0
178054	73200	241	57	0
178055	73237	241	58	0
178056	73276	240	59	0
178057	73318	237	60	0
178058	73371	234	61	0
178059	73408	233	62	0
178060	73445	230	63	0
178061	73485	229	63	0
178062	73518	226	64	0
178063	73552	225	64	0
178064	73588	224	64	0
178065	73634	221	64	0
178066	73673	220	64	0
178067	73713	217	63	0
178068	73752	216	62	0
178069	73796	214	62	0
178070	73842	211	61	0
178071	73887	209	61	0
178072	73936	209	60	0
178073	73976	206	59	0
178074	74027	204	59	0
178075	74062	203	59	0
178076	74098	203	59	0
178077	74154	202	59	0
178078	74189	203	60	0
178079	74228	203	60	0
178080	74261	203	60	0
178081	74296	203	60	0
178082	74331	203	60	0
178083	74368	203	60	0
178084	74406	203	60	0
178085	74449	204	61	0
178086	74507	205	61	0
178087	74549	205	62	0
178088	74585	206	62	0
178089	74626	206	63	0
178090	74675	206	63	0
178091	74714	204	66	0
178092	74764	204	67	0
178093	74800	203	70	0
178094	74848	203	72	0
178095	74893	202	76	0
178096	74929	202	78	0
178097	74965	202	79	0
178098	75002	202	80	0
178099	75047	202	80	0
178100	75086	202	82	0
178101	75135	200	84	0
178102	75181	199	85	0
178103	75230	198	87	0
178104	75267	195	90	0
178105	75306	194	91	0
178106	75340	190	94	0
178107	75375	188	95	0
178108	75422	186	97	0
178109	75466	184	99	0
178110	75503	183	100	0
178111	75541	183	101	0
178112	75588	180	102	0
178113	75625	179	103	0
178114	75678	178	104	0
178115	75731	175	106	0
178116	75777	175	106	0
178117	75813	175	106	0
178118	75851	175	106	0
178119	75886	175	106	0
178120	75922	175	106	0
178121	75969	175	106	0
178122	76012	175	106	0
178123	76058	175	106	0
178124	76096	175	107	0
178125	76131	175	107	0
178126	76163	175	107	0
178127	76197	175	107	0
178128	76234	175	107	0
178129	76274	176	107	0
178130	76310	175	108	0
178131	76346	175	108	0
178132	76382	175	108	0
178133	76415	174	109	0
178134	76451	174	109	0
178135	76510	174	109	0
178136	76567	174	109	0
178137	76609	174	109	0
178138	76656	174	109	0
178139	76693	174	109	0
178140	76731	174	109	0
178141	76774	174	109	0
178142	76814	174	109	0
178143	76848	174	109	0
178144	76888	174	109	0
178145	76925	174	109	0
178146	76963	174	109	0
178147	76999	174	109	0
178148	77059	174	109	0
178149	77098	174	109	0
178150	77144	174	109	0
178151	77200	174	109	0
178152	77235	174	109	0
178153	77280	174	109	0
178154	77315	174	109	0
178155	77362	174	109	0
178156	77402	174	109	0
178157	77442	174	109	0
178158	77481	174	109	0
178159	77515	174	109	0
178160	77559	174	109	0
178161	77596	174	109	0
178162	77638	174	109	0
178163	77677	174	109	0
178164	77715	174	109	0
178165	77750	174	109	0
178166	77789	174	109	0
178167	77839	174	109	0
178168	77875	174	109	0
178169	77932	174	109	0
178170	77967	174	109	0
178171	78004	174	109	0
178172	78045	174	109	0
178173	78096	174	109	0
178174	78143	174	109	0
178175	78183	174	109	0
178176	78238	174	109	0
178177	78275	174	109	0
178178	78315	174	109	0
178179	78362	174	109	0
178180	78412	174	109	0
178181	78476	174	109	0
178182	78514	174	109	0
178183	78551	174	109	0
178184	78590	174	109	0
178185	78631	174	109	0
178186	78669	174	109	0
178187	78712	174	109	0
178188	78764	174	109	0
178189	78799	174	109	0
178190	78845	174	109	0
178191	78882	174	109	0
178192	78916	174	109	0
178193	78956	174	109	0
178194	78991	174	109	0
178195	79028	174	109	0
178196	79064	174	109	0
178197	79101	174	109	0
178198	79145	174	109	0
178199	79182	174	109	0
178200	79242	174	109	0
178201	79278	174	109	0
178202	79311	174	109	0
178203	79381	174	109	0
178204	79415	174	109	0
178205	79453	174	109	0
178206	79505	174	109	0
178207	79545	174	109	0
178208	79614	174	109	0
178209	79661	174	109	0
178210	79701	174	109	0
178211	79745	174	109	0
178212	79800	174	109	0
178213	79851	174	109	0
178214	79900	174	109	0
178215	79956	174	109	0
178216	79994	174	109	0
178217	80039	174	109	0
178218	80088	174	109	0
178219	80142	174	109	0
178220	80175	174	109	0
178221	80218	174	109	0
178222	80258	174	109	0
178223	80301	174	109	0
178224	80349	174	109	0
178225	80391	174	109	0
178226	80439	174	109	0
178227	80490	174	109	0
178228	80551	174	109	0
178229	80590	174	109	0
178230	80632	174	109	0
178231	80667	175	109	0
178232	80716	174	110	0
178233	80752	174	111	0
178234	80795	175	111	0
178235	80833	175	113	0
178236	80874	176	114	0
178237	80951	176	116	0
178238	80987	176	119	0
178239	81037	176	122	0
178240	81074	178	126	0
178241	81124	178	127	0
178242	81171	179	129	0
178243	81217	180	131	0
178244	81270	181	134	0
178245	81329	182	138	0
178246	81375	183	142	0
178247	81420	183	147	0
178248	81477	183	149	0
178249	81524	184	153	0
178250	81560	184	154	0
178251	81630	184	155	0
178252	81705	184	158	0
178253	81748	185	160	0
178254	81791	185	160	0
178255	81835	185	160	0
178256	81889	185	161	0
178257	81928	185	161	0
178258	81977	185	162	0
178259	82020	185	162	0
178260	82056	185	162	0
178261	82106	185	162	0
178262	82175	185	162	0
178263	82221	185	162	0
178264	82267	185	162	0
178265	82338	185	162	0
178266	82375	185	162	0
178267	82422	185	163	0
178268	82477	186	164	0
178269	82511	186	165	0
178270	82548	186	166	0
178271	82603	186	167	0
178272	82696	187	169	0
178273	82738	188	174	0
178274	82776	188	176	0
178275	82836	188	177	0
178276	82873	188	177	0
178277	82928	188	177	0
178278	82999	188	177	0
178279	83068	188	177	0
178280	83105	188	177	0
178281	83144	188	177	0
178282	83190	188	177	0
178283	83267	188	177	0
178284	83305	188	177	0
178285	83361	189	178	0
178286	83400	190	179	0
178287	83452	191	181	0
178288	83501	192	181	0
178289	83537	195	185	0
178290	83573	196	185	0
178291	83651	197	187	0
178292	83691	199	191	0
178293	83738	200	192	0
178294	83781	201	196	0
178295	83823	201	197	0
178296	83869	201	199	0
178297	83917	202	202	0
178298	83975	203	204	0
178299	84013	204	208	0
178300	84051	205	210	0
178301	84104	207	212	0
178302	84143	208	217	0
178303	84222	209	219	0
178304	84292	210	221	0
178305	84330	212	224	0
178306	84380	214	228	0
178307	84421	216	231	0
178308	84463	217	233	0
178309	84514	219	235	0
178310	84574	220	238	0
178311	84655	222	243	0
178312	84695	225	246	0
178313	84763	228	253	0
178314	84800	229	256	0
178315	84867	230	258	0
178316	84932	230	260	0
178317	85006	232	265	0
178318	85045	234	271	0
178319	85087	234	273	0
178320	85129	234	274	0
178321	85177	234	275	0
178322	85214	234	277	0
178323	85264	234	277	0
178324	85327	234	277	0
178325	85374	234	277	0
178326	85410	234	277	0
178327	85454	234	277	0
178328	85530	234	277	0
178329	85567	234	277	0
178330	85609	234	277	0
178331	85655	234	277	0
178332	85709	234	277	0
178333	85796	234	276	0
178334	85851	234	277	0
178335	85928	234	277	0
178336	85966	234	277	0
178337	86006	234	277	0
178338	86089	234	277	0
178339	86139	234	276	0
178340	86198	234	276	0
178341	86251	234	276	0
178342	86293	234	277	0
178343	86335	234	276	0
178344	86390	234	276	0
178345	86464	234	276	0
178346	86518	234	276	0
178347	86571	234	276	0
178348	86610	234	277	0
178349	86656	234	276	0
178350	86695	234	276	0
178351	86759	234	276	0
178352	86800	234	277	0
178353	86848	234	276	0
178354	86886	234	276	0
178355	86937	234	276	0
178356	86977	234	276	0
178357	87041	234	276	0
178358	87076	234	277	0
178359	87111	234	277	0
178360	87164	234	277	0
178361	87226	234	277	0
178362	87275	234	277	0
178363	87315	235	277	0
178364	87347	235	277	0
178365	87394	235	277	0
178366	87455	235	277	0
178367	87520	234	277	0
178368	87593	235	277	0
178369	87659	235	277	0
178370	87718	235	276	0
178371	87781	235	276	0
178372	87831	235	276	0
178373	87894	235	277	0
178374	87969	235	276	0
178375	88008	235	276	0
178376	88046	235	276	0
178377	88096	235	276	0
178378	88155	235	276	0
178379	88206	235	276	0
178380	88245	235	276	0
178381	88283	235	276	0
178382	88335	235	276	0
178383	88378	235	276	0
178384	88426	235	277	0
178385	88462	235	276	0
178386	88511	235	277	0
178387	88563	235	276	0
178388	88625	235	276	0
178389	88692	235	276	0
178390	88752	235	276	0
178391	88810	235	276	0
178392	88853	235	277	0
178393	88903	235	277	0
178394	88939	235	277	0
178395	89003	235	277	0
178396	89043	235	277	0
178397	89097	235	277	0
178398	89142	234	278	0
178399	89192	234	278	0
178400	89248	234	278	0
178401	89289	234	278	0
178402	89332	234	278	0
178403	89397	234	278	0
178404	89433	234	278	0
178405	89493	234	278	0
178406	89530	234	278	0
178407	89584	234	278	0
178408	89626	234	278	0
178409	89677	234	278	0
178410	89728	234	278	0
178411	89813	234	278	0
178412	89853	234	278	0
178413	89890	234	278	0
178414	89931	234	278	0
178415	90000	234	278	0
178416	90036	234	278	0
178417	90111	234	278	0
178418	90150	234	278	0
178419	90217	234	278	0
178420	90281	234	278	0
178421	90344	234	278	0
178422	90383	234	278	0
178423	90419	234	278	0
178424	90470	234	278	0
178425	90510	234	278	0
178426	90571	234	278	0
178427	90620	234	278	0
178428	90667	234	278	0
178429	90705	234	278	0
178430	90792	234	278	0
178431	90835	234	278	0
178432	90890	234	278	0
178433	90935	234	278	0
178434	90976	234	279	0
178435	91017	234	279	0
178436	91067	234	279	0
178437	91103	234	281	0
178438	91141	234	282	0
178439	91181	234	283	0
178440	91249	233	284	0
178441	91290	233	287	0
178442	91353	232	289	0
178443	91403	231	296	0
178444	91452	230	297	0
178445	91493	230	300	0
178446	91534	230	301	0
178447	91607	229	304	0
178448	91644	229	306	0
178449	91689	229	308	0
178450	91726	229	309	0
178451	91799	228	313	0
178452	91835	227	320	0
178453	91904	227	322	0
178454	91946	226	328	0
178455	92046	226	331	0
178456	92121	226	340	0
178457	92171	226	348	0
178458	92211	226	350	0
178459	92254	226	353	0
178460	92318	227	356	0
178461	92361	229	362	0
178462	92429	230	365	0
178463	92502	233	374	0
178464	92542	235	380	0
178465	92612	236	382	0
178466	92650	238	387	0
178467	92695	241	393	0
178468	92736	241	395	0
178469	92792	242	398	0
178470	92874	243	401	0
178471	92928	244	408	0
178472	92963	244	413	0
178473	93017	244	416	0
178474	93079	245	418	0
178475	93143	245	422	0
178476	93180	246	429	0
178477	93229	246	431	0
178478	93269	246	433	0
178479	93322	247	433	0
178480	93359	247	432	0
178481	93415	247	432	0
178482	93460	247	431	0
178483	93504	247	431	0
178484	93549	247	431	0
178485	93594	247	432	0
178486	93645	247	432	0
178487	93709	247	432	0
178488	93754	247	432	0
178489	93802	247	432	0
178490	93911	247	431	0
178491	93963	247	431	0
178492	94013	247	431	0
178493	94084	247	431	0
178494	94128	247	431	0
178495	94178	247	431	0
178496	94214	247	431	0
178497	94275	247	431	0
178498	94316	247	431	0
178499	94363	248	431	0
178500	94408	246	433	0
178501	94491	246	433	0
178502	94534	246	433	0
178503	94587	246	433	0
178504	94626	246	433	0
178505	94663	246	433	0
178506	94712	246	433	0
178507	94768	246	433	0
178508	94824	246	433	0
178509	94891	246	432	0
178510	94927	246	431	0
178511	94999	246	430	0
178512	95048	246	430	0
178513	95088	246	430	0
178514	95140	246	430	0
178515	95194	246	430	0
178516	95256	246	430	0
178517	95304	246	430	0
178518	95380	246	430	0
178519	95416	246	431	0
178520	95474	246	431	0
178521	95524	242	446	0
