frame	time	x	y	burst
116239	49	368	200	0
116240	87	368	195	0
116241	131	368	193	0
116242	171	369	191	0
116243	216	369	189	0
116244	272	369	187	0
116245	313	370	181	0
116246	373	370	177	0
116247	408	370	173	0
116248	453	371	168	0
116249	510	371	166	0
116250	549	372	163	0
116251	603	372	158	0
116252	644	373	155	0
116253	689	373	152	0
116254	726	374	149	0
116255	777	376	144	0
116256	813	377	138	0
116257	851	378	135	0
116258	900	378	133	0
116259	949	379	131	0
116260	1011	379	130	0
116261	1053	379	130	0
116262	1109	379	130	0
116263	1152	379	130	0
116264	1193	379	130	0
116265	1298	379	130	0
116266	1341	379	130	0
116267	1380	380	129	0
116268	1414	380	128	0
116269	1451	381	127	0
116270	1486	381	127	0
116271	1533	381	126	0
116272	1574	381	126	0
116273	1629	381	126	0
116274	1664	381	126	0
116275	1701	381	126	0
116276	1755	381	126	0
116277	1800	381	126	0
116278	1853	381	126	0
116279	1901	381	126	0
116280	1948	381	126	0
116281	1999	381	126	0
116282	2044	381	126	0
116283	2095	381	126	0
116284	2142	381	126	0
116285	2238	382	126	0
116286	2275	383	126	0
116287	2314	384	126	0
116288	2357	384	126	0
116289	2399	384	126	0
116290	2436	384	126	0
116291	2484	384	126	0
116292	2521	384	126	0
116293	2555	384	126	0
116294	2589	384	126	0
116295	2624	384	126	0
116296	2668	384	126	0
116297	2705	384	126	0
116298	2746	384	126	0
116299	2782	384	126	0
116300	2831	384	126	0
116301	2873	384	126	0
116302	2910	384	126	0
116303	2969	384	126	0
116304	3007	384	126	0
116305	3048	384	126	0
116306	3084	384	126	0
116307	3118	384	126	0
116308	3153	384	127	0
116309	3187	385	127	0
116310	3228	385	127	0
116311	3271	385	127	0
116312	3307	385	127	0
116313	3344	385	127	0
116314	3397	385	127	0
116315	3438	385	127	0
116316	3479	385	127	0
116317	3517	385	127	0
116318	3554	385	127	0
116319	3590	385	127	0
116320	3627	385	127	0
116321	3673	385	126	0
116322	3744	385	125	0
116323	3801	385	124	0
116324	3853	385	123	0
116325	3896	384	123	0
116326	3933	383	123	0
116327	3968	382	124	0
116328	4007	382	123	0
116329	4061	381	123	0
116330	4102	381	123	0
116331	4141	381	122	0
116332	4199	381	122	0
116333	4248	381	122	0
116334	4330	381	122	0
116335	4385	381	122	0
116336	4445	381	122	0
116337	4479	381	122	0
116338	4517	381	122	0
116339	4556	380	122	0
116340	4593	380	121	0
116341	4630	380	121	0
116342	4674	380	122	0
116343	4712	380	121	0
116344	4746	380	121	0
116345	4782	380	121	0
116346	4817	380	122	0
116347	4872	380	122	0
116348	4908	380	121	0
116349	4945	380	121	0
116350	4993	380	121	0
116351	5031	380	121	0
116352	5074	380	121	0
116353	5111	380	121	0
116354	5146	380	122	0
116355	5227	380	121	0
116356	5275	380	122	0
116357	5321	380	122	0
116358	5371	380	121	0
116359	5408	380	121	0
116360	5448	380	121	0
116361	5493	380	121	0
116362	5599	380	121	0
116363	5675	381	122	0
116364	5710	380	122	0
116365	5752	380	122	0
116366	5793	380	122	0
116367	5833	381	121	0
116368	5900	381	121	0
116369	5942	381	121	0
116370	5996	381	121	0
116371	6033	381	121	0
116372	6071	381	121	0
116373	6106	381	121	0
116374	6152	381	121	0
116375	6193	381	121	0
116376	6232	381	121	0
116377	6271	381	121	0
116378	6309	381	121	0
116379	6344	381	121	0
116380	6401	381	121	0
116381	6458	381	121	0
116382	6496	381	121	0
116383	6535	381	121	0
116384	6567	381	121	0
116385	6615	381	121	0
116386	6650	381	121	0
116387	6701	381	121	0
116388	6741	381	121	0
116389	6781	381	121	0
116390	6820	381	121	0
116391	6861	381	121	0
116392	6907	381	121	0
116393	6941	381	121	0
116394	7005	381	121	0
116395	7042	381	121	0
116396	7100	381	121	0
116397	7151	381	121	0
116398	7186	381	121	0
116399	7223	381	121	0
116400	7274	381	121	0
116401	7310	381	121	0
116402	7346	381	121	0
116403	7379	381	121	0
116404	7418	381	121	0
116405	7457	381	121	0
116406	7492	381	121	0
116407	7548	381	121	0
116408	7609	381	121	0
116409	7670	381	121	0
116410	7715	381	121	0
116411	7756	381	121	0
116412	7796	381	121	0
116413	7833	380	123	0
116414	7871	379	123	0
116415	7910	378	123	0
116416	7995	378	123	0
116417	8031	378	123	0
116418	8068	377	123	0
116419	8109	376	123	0
116420	8164	376	123	0
116421	8206	375	123	0
116422	8253	375	123	0
116423	8290	375	123	0
116424	8326	375	123	0
116425	8360	375	123	0
116426	8407	375	123	0
116427	8450	375	123	0
116428	8502	375	123	0
116429	8537	375	123	0
116430	8578	375	123	0
116431	8622	375	122	0
116432	8661	375	122	0
116433	8720	374	121	0
116434	8764	373	119	0
116435	8807	373	118	0
116436	8844	373	118	0
116437	8893	373	117	0
116438	8932	373	116	0
116439	8971	373	115	0
116440	9021	373	114	0
116441	9062	373	113	0
116442	9102	373	112	0
116443	9140	373	111	0
116444	9174	373	111	0
116445	9208	373	111	0
116446	9261	373	111	0
116447	9306	373	111	0
116448	9383	373	110	0
116449	9430	373	110	0
116450	9481	374	109	0
116451	9532	374	109	0
116452	9591	374	109	0
116453	9636	374	109	0
116454	9679	374	109	0
116455	9728	374	109	0
116456	9773	374	109	0
116457	9811	374	109	0
116458	9862	374	109	0
116459	9903	374	109	0
116460	9941	374	109	0
116461	9992	374	109	0
116462	10030	374	109	0
116463	10074	374	109	0
116464	10128	374	109	0
116465	10173	374	109	0
116466	10239	374	109	0
116467	10285	374	109	0
116468	10326	374	109	0
116469	10366	375	109	0
116470	10404	375	109	0
116471	10451	375	109	0
116472	10495	375	109	0
116473	10535	375	109	0
116474	10568	375	109	0
116475	10618	375	109	0
116476	10659	375	109	0
116477	10697	375	108	0
116478	10762	376	108	0
116479	10801	376	108	0
116480	10846	376	108	0
116481	10896	376	108	0
116482	10936	376	108	0
116483	10972	376	108	0
116484	11018	376	108	0
116485	11052	376	108	0
116486	11102	376	108	0
116487	11162	376	108	0
116488	11196	376	108	0
116489	11232	376	108	0
116490	11275	376	108	0
116491	11315	376	108	0
116492	11354	376	108	0
116493	11399	376	108	0
116494	11449	376	108	0
116495	11489	376	108	0
116496	11560	376	108	0
116497	11628	376	108	0
116498	11677	376	108	0
116499	11725	376	108	0
116500	11772	376	108	0
116501	11821	376	108	0
116502	11862	376	108	0
116503	11898	376	108	0
116504	11970	376	108	0
116505	12024	376	109	0
116506	12063	376	109	0
116507	12108	376	109	0
116508	12144	376	109	0
116509	12183	376	109	0
116510	12223	376	109	0
116511	12289	376	109	0
116512	12327	374	110	0
116513	12369	374	111	0
116514	12408	374	111	0
116515	12446	373	111	0
116516	12489	373	111	0
116517	12529	374	112	0
116518	12571	374	112	0
116519	12620	374	112	0
116520	12657	374	112	0
116521	12696	374	112	0
116522	12764	374	112	0
116523	12803	374	112	0
116524	12840	374	112	0
116525	12877	374	112	0
116526	12913	374	112	0
116527	12952	374	112	0
116528	12992	374	112	0
116529	13056	374	112	0
116530	13094	374	112	0
116531	13130	374	112	0
116532	13173	374	112	0
116533	13226	374	112	0
116534	13265	374	112	0
116535	13307	374	112	0
116536	13360	374	112	0
116537	13405	374	112	0
116538	13442	374	112	0
116539	13479	374	112	0
116540	13521	374	112	0
116541	13559	374	112	0
116542	13610	374	112	0
116543	13645	374	112	0
116544	13680	374	112	0
116545	13725	374	112	0
116546	13770	374	112	0
116547	13825	374	112	0
116548	13867	374	112	0
116549	13915	374	112	0
116550	13952	374	112	0
116551	13991	374	112	0
116552	14039	374	112	0
116553	14095	374	112	0
116554	14139	374	112	0
116555	14175	374	112	0
116556	14239	374	112	0
116557	14286	374	112	0
116558	14336	374	112	0
116559	14370	374	112	0
116560	14408	374	112	0
116561	14448	374	112	0
116562	14489	374	112	0
116563	14546	374	112	0
116564	14582	374	112	0
116565	14625	374	112	0
116566	14661	374	112	0
116567	14703	374	112	0
116568	14752	374	112	0
116569	14796	374	112	0
116570	14832	374	112	0
116571	14868	374	112	0
116572	14903	374	112	0
116573	14953	374	112	0
116574	15003	374	112	0
116575	15069	374	112	0
116576	15120	374	112	0
116577	15170	374	112	0
116578	15204	374	112	0
116579	15261	374	112	0
116580	15296	374	112	0
116581	15366	374	112	0
116582	15412	374	112	0
116583	15454	374	112	0
116584	15491	374	112	0
116585	15530	374	112	0
116586	15584	374	112	0
116587	15622	374	112	0
116588	15665	374	112	0
116589	15701	374	112	0
116590	15757	374	112	0
116591	15795	374	112	0
116592	15833	374	112	0
116593	15885	374	112	0
116594	15925	374	112	0
116595	15965	374	112	0
116596	16004	374	112	0
116597	16042	374	112	0
116598	16079	374	112	0
116599	16113	374	112	0
116600	16154	374	112	0
116601	16206	374	112	0
116602	16240	374	112	0
116603	16278	374	112	0
116604	16314	374	112	0
116605	16349	374	112	0
116606	16432	374	112	0
116607	16484	374	112	0
116608	16528	374	112	0
116609	16563	374	112	0
116610	16598	374	112	0
116611	16635	374	112	0
116612	16669	374	112	0
116613	16705	374	112	0
116614	16755	374	112	0
116615	16795	374	112	0
116616	16838	374	112	0
116617	16876	374	112	0
116618	16920	374	112	0
116619	16990	374	112	0
116620	17066	374	112	0
116621	17122	374	112	0
116622	17160	374	112	0
116623	17210	374	112	0
116624	17256	374	112	0
116625	17309	374	112	0
116626	17347	374	112	0
116627	17394	374	112	0
116628	17456	374	112	0
116629	17504	374	112	0
116630	17541	374	112	0
116631	17585	374	112	0
116632	17641	374	112	0
116633	17698	374	112	0
116634	17736	374	112	0
116635	17813	374	112	0
116636	17852	374	112	0
116637	17890	374	112	0
116638	17950	374	112	0
116639	17986	374	112	0
116640	18024	374	112	0
116641	18058	374	112	0
116642	18099	374	112	0
116643	18136	374	112	0
116644	18175	374	112	0
116645	18212	374	112	0
116646	18248	374	112	0
116647	18287	374	113	0
116648	18324	374	113	0
116649	18363	374	113	0
116650	18405	374	113	0
116651	18449	374	113	0
116652	18487	373	113	0
116653	18524	373	113	0
116654	18572	374	114	0
116655	18627	374	114	0
116656	18675	374	114	0
116657	18716	373	115	0
116658	18753	373	115	0
116659	18788	373	116	0
116660	18824	372	116	0
116661	18862	372	116	0
116662	18897	371	117	0
116663	18937	370	118	0
116664	18974	370	118	0
116665	19015	369	119	0
116666	19071	369	119	0
116667	19110	369	120	0
116668	19168	369	119	0
116669	19201	369	119	0
116670	19239	367	120	0
116671	19317	366	121	0
116672	19373	364	121	0
116673	19408	363	121	0
116674	19449	362	121	0
116675	19487	361	121	0
116676	19545	359	121	0
116677	19584	359	121	0
116678	19623	359	121	0
116679	19660	359	121	0
116680	19705	359	121	0
116681	19742	359	121	0
116682	19781	359	121	0
116683	19818	359	121	0
116684	19886	359	121	0
116685	19923	359	121	0
116686	19959	359	121	0
116687	20014	357	120	0
116688	20052	357	120	0
116689	20090	356	120	0
116690	20148	356	119	0
116691	20189	356	119	0
116692	20230	356	119	0
116693	20265	356	119	0
116694	20305	356	119	0
116695	20340	356	119	0
116696	20378	356	119	0
116697	20444	356	119	0
116698	20489	356	119	0
116699	20525	356	119	0
116700	20563	356	119	0
116701	20605	356	119	0
116702	20641	356	119	0
116703	20678	356	119	0
116704	20727	356	119	0
116705	20792	356	118	0
116706	20827	357	117	0
116707	20868	357	117	0
116708	20903	357	117	0
116709	20940	357	117	0
116710	21024	357	117	0
116711	21079	357	117	0
116712	21123	357	117	0
116713	21172	357	117	0
116714	21214	357	117	0
116715	21250	357	117	0
116716	21305	357	117	0
116717	21344	357	117	0
116718	21385	357	117	0
116719	21421	357	117	0
116720	21464	357	117	0
116721	21513	357	117	0
116722	21552	357	117	0
116723	21636	357	117	0
116724	21675	357	117	0
116725	21716	357	117	0
116726	21772	357	117	0
116727	21808	357	117	0
116728	21849	357	117	0
116729	21887	357	117	0
116730	21924	357	117	0
116731	21979	357	117	0
116732	22020	357	117	0
116733	22056	357	117	0
116734	22132	357	117	0
116735	22173	357	117	0
116736	22221	357	117	0
116737	22257	357	118	0
116738	22318	357	117	0
116739	22354	358	117	0
116740	22391	357	118	0
116741	22454	357	118	0
116742	22491	357	118	0
116743	22541	357	118	0
116744	22585	357	118	0
116745	22633	357	118	0
116746	22670	357	118	0
116747	22713	357	118	0
116748	22752	358	118	0
116749	22792	358	119	0
116750	22843	358	119	0
116751	22879	358	119	0
116752	22914	358	119	0
116753	22952	358	119	0
116754	23005	358	119	0
116755	23041	358	120	0
116756	23108	358	119	0
116757	23161	357	119	0
116758	23198	358	120	0
116759	23232	358	120	0
116760	23272	358	120	0
116761	23310	358	120	0
116762	23349	358	120	0
116763	23399	358	120	0
116764	23453	358	120	0
116765	23492	358	120	0
116766	23562	358	120	0
116767	23618	358	120	0
116768	23655	358	120	0
116769	23698	358	120	0
116770	23750	358	120	0
116771	23792	358	120	0
116772	23835	358	120	0
116773	23870	358	120	0
116774	23907	358	120	0
116775	23954	358	120	0
116776	23993	358	120	0
116777	24060	358	120	0
116778	24111	358	120	0
116779	24161	358	120	0
116780	24215	358	120	0
116781	24261	358	120	0
116782	24336	358	120	0
116783	24382	358	120	0
116784	24423	358	120	0
116785	24459	358	120	0
116786	24500	358	120	0
116787	24537	358	120	0
116788	24604	358	120	0
116789	24643	358	120	0
116790	24689	358	120	0
116791	24744	358	120	0
116792	24781	358	120	0
116793	24820	358	120	0
116794	24876	358	120	0
116795	24920	358	120	0
116796	24963	358	120	0
116797	25000	358	120	0
116798	25040	358	120	0
116799	25079	358	120	0
116800	25129	358	120	0
116801	25172	358	120	0
116802	25212	358	120	0
116803	25249	358	120	0
116804	25287	358	120	0
116805	25323	358	120	0
116806	25368	358	120	0
116807	25404	358	120	0
116808	25442	358	120	0
116809	25476	358	120	0
116810	25515	358	120	0
116811	25563	358	120	0
116812	25609	358	120	0
116813	25663	358	120	0
116814	25708	358	120	0
116815	25747	358	120	0
116816	25789	358	120	0
116817	25830	358	120	0
116818	25870	358	120	0
116819	25913	358	120	0
116820	25981	358	120	0
116821	26020	358	120	0
116822	26057	358	120	0
116823	26114	358	120	0
116824	26151	358	120	0
116825	26193	358	120	0
116826	26232	358	120	0
116827	26290	358	120	0
116828	26350	358	120	0
116829	26388	358	120	0
116830	26433	358	120	0
116831	26484	358	120	0
116832	26531	358	120	0
116833	26571	358	120	0
116834	26614	358	120	0
116835	26666	358	120	0
116836	26707	358	120	0
116837	26750	358	120	0
116838	26787	358	120	0
116839	26823	358	120	0
116840	26868	358	120	0
116841	26905	358	120	0
116842	26941	358	120	0
116843	26983	358	120	0
116844	27035	358	120	0
116845	27086	358	120	0
116846	27168	358	120	0
116847	27216	358	120	0
116848	27251	358	120	0
116849	27297	358	120	0
116850	27335	358	120	0
116851	27373	358	120	0
116852	27417	358	120	0
116853	27496	358	120	0
116854	27534	358	120	0
116855	27597	358	120	0
116856	27643	358	120	0
116857	27685	358	120	0
116858	27736	358	120	0
116859	27779	358	120	0
116860	27821	358	120	0
116861	27865	358	120	0
116862	27904	358	120	0
116863	27949	358	120	0
116864	27994	358	120	0
116865	28037	358	120	0
116866	28075	358	120	0
116867	28114	358	120	0
116868	28150	358	120	0
116869	28188	358	120	0
116870	28222	358	120	0
116871	28259	358	120	0
116872	28307	358	120	0
116873	28343	358	120	0
116874	28397	358	120	0
116875	28439	358	120	0
116876	28480	358	120	0
116877	28520	358	120	0
116878	28557	358	120	0
116879	28593	358	120	0
116880	28632	358	120	0
116881	28672	358	120	0
116882	28718	358	120	0
116883	28758	358	120	0
116884	28795	358	120	0
116885	28838	358	120	0
116886	28877	358	120	0
116887	28916	358	120	0
116888	28986	358	120	0
116889	29035	358	120	0
116890	29069	358	120	0
116891	29105	358	120	0
116892	29142	358	120	0
116893	29176	358	120	0
116894	29211	358	120	0
116895	29272	358	120	0
116896	29314	358	120	0
116897	29365	358	120	0
116898	29403	358	120	0
116899	29439	358	120	0
116900	29479	358	120	0
116901	29515	358	120	0
116902	29561	358	120	0
116903	29602	358	120	0
116904	29650	358	120	0
116905	29686	358	120	0
116906	29728	358	120	0
116907	29764	358	120	0
116908	29799	358	120	0
116909	29851	358	120	0
116910	29892	359	120	0
116911	29944	359	120	0
116912	29985	359	120	0
116913	30025	359	120	0
116914	30068	359	120	0
116915	30107	359	121	0
116916	30144	359	121	0
116917	30214	359	122	0
116918	30288	358	122	0
116919	30331	358	122	0
116920	30368	358	123	0
116921	30417	358	123	0
116922	30466	357	123	0
116923	30527	357	123	0
116924	30586	357	123	0
116925	30634	357	123	0
116926	30671	357	123	0
116927	30709	357	123	0
116928	30773	357	123	0
116929	30809	357	123	0
116930	30874	357	123	0
116931	30909	356	123	0
116932	30945	356	123	0
116933	30986	356	123	0
116934	31022	356	123	0
116935	31062	356	123	0
116936	31097	356	123	0
116937	31135	356	123	0
116938	31177	356	123	0
116939	31229	356	123	0
116940	31266	356	123	0
116941	31311	356	123	0
116942	31348	356	123	0
116943	31407	356	123	0
116944	31445	356	123	0
116945	31485	356	123	0
116946	31520	356	123	0
116947	31570	356	123	0
116948	31614	356	124	0
116949	31659	356	123	0
116950	31699	357	123	0
116951	31742	357	123	0
116952	31779	357	123	0
116953	31829	357	123	0
116954	31870	357	123	0
116955	31907	355	124	0
116956	31966	355	124	0
116957	32001	355	124	0
116958	32043	355	124	0
116959	32079	355	124	0
116960	32116	355	124	0
116961	32152	355	124	0
116962	32234	355	124	0
116963	32271	355	124	0
116964	32312	355	124	0
116965	32355	355	124	0
116966	32398	355	124	0
116967	32437	355	124	0
116968	32475	355	123	0
116969	32535	355	123	0
116970	32572	355	123	0
116971	32609	355	123	0
116972	32643	355	123	0
116973	32703	355	123	0
116974	32741	355	123	0
116975	32805	355	123	0
116976	32851	355	123	0
116977	32893	355	123	0
116978	32937	355	123	0
116979	32974	355	123	0
116980	33010	355	123	0
116981	33065	355	122	0
116982	33109	355	122	0
116983	33146	355	122	0
116984	33182	355	122	0
116985	33215	356	122	0
116986	33265	356	122	0
116987	33304	356	122	0
116988	33362	356	122	0
116989	33411	356	122	0
116990	33446	356	122	0
116991	33480	356	122	0
116992	33514	356	122	0
116993	33548	356	122	0
116994	33609	356	122	0
116995	33651	356	122	0
116996	33687	356	122	0
116997	33731	356	122	0
116998	33770	356	122	0
116999	33810	356	122	0
117000	33882	356	122	0
117001	33919	356	122	0
117002	33980	356	122	0
117003	34044	356	122	0
117004	34107	356	122	0
117005	34153	356	122	0
117006	34193	356	122	0
117007	34229	356	122	0
117008	34286	356	122	0
117009	34321	356	122	0
117010	34374	356	122	0
117011	34409	356	122	0
117012	34446	356	122	0
117013	34479	356	122	0
117014	34543	356	122	0
117015	34594	356	122	0
117016	34640	356	122	0
117017	34687	356	122	0
117018	34724	356	122	0
117019	34775	356	122	0
117020	34830	356	122	0
117021	34878	356	122	0
117022	34922	356	122	0
117023	34966	356	122	0
117024	35016	356	122	0
117025	35055	356	122	0
117026	35093	356	122	0
117027	35137	356	122	0
117028	35172	356	122	0
117029	35209	356	122	0
117030	35246	356	122	0
117031	35281	356	122	0
117032	35317	356	122	0
117033	35354	356	122	0
117034	35431	356	122	0
117035	35486	356	122	0
117036	35527	356	122	0
117037	35568	356	122	0
117038	35606	356	122	0
117039	35641	356	122	0
117040	35710	356	122	0
117041	35749	356	122	0
117042	35788	356	122	0
117043	35847	356	122	0
117044	35904	356	122	0
117045	35946	356	122	0
117046	35994	356	122	0
117047	36030	356	122	0
117048	36065	356	122	0
117049	36103	356	122	0
117050	36139	356	122	0
117051	36173	356	122	0
117052	36207	356	122	0
117053	36275	356	122	0
117054	36354	356	122	0
117055	36396	356	122	0
117056	36435	356	122	0
117057	36482	356	122	0
117058	36526	356	122	0
117059	36566	356	122	0
117060	36611	356	122	0
117061	36648	356	122	0
117062	36694	356	122	0
117063	36740	356	122	0
117064	36786	356	122	0
117065	36837	356	122	0
117066	36878	356	122	0
117067	36915	356	122	0
117068	36950	356	122	0
117069	36986	356	122	0
117070	37027	356	122	0
117071	37063	356	122	0
117072	37101	356	122	0
117073	37148	356	122	0
117074	37186	356	122	0
117075	37226	356	122	0
117076	37273	356	122	0
117077	37312	356	122	0
117078	37348	356	122	0
117079	37400	356	122	0
117080	37436	356	122	0
117081	37473	356	122	0
117082	37532	356	122	0
117083	37568	356	122	0
117084	37628	356	122	0
117085	37692	356	122	0
117086	37727	356	122	0
117087	37777	356	122	0
117088	37812	356	122	0
117089	37852	356	122	0
117090	37893	356	122	0
117091	37929	356	122	0
117092	37969	356	122	0
117093	38006	356	122	0
117094	38043	356	122	0
117095	38078	356	122	0
117096	38114	356	122	0
117097	38166	356	122	0
117098	38202	356	122	0
117099	38237	356	122	0
117100	38285	356	122	0
117101	38325	356	122	0
117102	38362	356	122	0
117103	38401	356	122	0
117104	38437	356	122	0
117105	38493	356	122	0
117106	38540	356	122	0
117107	38574	356	122	0
117108	38634	356	122	0
117109	38676	356	122	0
117110	38711	356	122	0
117111	38756	356	122	0
117112	38796	356	122	0
117113	38833	356	122	0
117114	38872	356	122	0
117115	38907	356	122	0
117116	38957	356	122	0
117117	39000	356	122	0
117118	39052	356	122	0
117119	39090	356	122	0
117120	39125	356	122	0
117121	39168	356	122	0
117122	39204	356	122	0
117123	39241	356	122	0
117124	39290	356	122	0
117125	39328	356	122	0
117126	39363	356	122	0
117127	39399	356	122	0
117128	39435	356	122	0
117129	39471	356	122	0
117130	39507	356	122	0
117131	39566	356	122	0
117132	39600	356	122	0
117133	39638	356	123	0
117134	39675	356	123	0
117135	39711	356	123	0
117136	39746	357	123	0
117137	39783	357	123	0
117138	39821	357	123	0
117139	39856	356	124	0
117140	39889	356	124	0
117141	39929	356	124	0
117142	39970	356	124	0
117143	40004	356	124	0
117144	40040	356	124	0
117145	40078	356	124	0
117146	40113	356	124	0
117147	40157	356	124	0
117148	40205	356	124	0
117149	40255	356	124	0
117150	40295	356	124	0
117151	40375	356	124	0
117152	40433	356	124	0
117153	40494	356	124	0
117154	40533	356	124	0
117155	40601	356	124	0
117156	40668	356	124	0
117157	40716	356	124	0
117158	40763	356	124	0
117159	40812	356	124	0
117160	40852	356	124	0
117161	40894	356	124	0
117162	40940	356	124	0
117163	40987	356	124	0
117164	41041	356	124	0
117165	41075	356	124	0
117166	41148	356	124	0
117167	41193	356	124	0
117168	41232	356	124	0
117169	41270	356	124	0
117170	41326	356	124	0
117171	41382	356	124	0
117172	41420	356	124	0
117173	41465	356	124	0
117174	41505	356	124	0
117175	41569	356	124	0
117176	41604	356	124	0
117177	41658	356	124	0
117178	41698	356	124	0
117179	41741	356	124	0
117180	41777	356	124	0
117181	41820	356	124	0
117182	41867	356	124	0
117183	41922	356	124	0
117184	41961	356	124	0
117185	42001	356	124	0
117186	42052	356	124	0
117187	42091	356	124	0
117188	42146	356	124	0
117189	42181	356	124	0
117190	42224	356	124	0
117191	42276	356	124	0
117192	42315	356	124	0
117193	42368	356	124	0
117194	42406	356	124	0
117195	42443	356	124	0
117196	42485	356	124	0
117197	42543	356	124	0
117198	42578	356	124	0
117199	42616	356	124	0
117200	42653	356	124	0
117201	42691	356	124	0
117202	42747	356	124	0
117203	42792	356	124	0
117204	42837	356	124	0
117205	42877	356	124	0
117206	42925	356	124	0
117207	42973	356	124	0
117208	43009	356	124	0
117209	43053	356	124	0
117210	43089	356	124	0
117211	43126	356	124	0
117212	43163	356	124	0
117213	43216	356	124	0
117214	43253	356	124	0
117215	43301	356	124	0
117216	43335	356	124	0
117217	43373	356	124	0
117218	43420	356	124	0
117219	43464	356	124	0
117220	43511	356	124	0
117221	43561	356	124	0
117222	43622	356	124	0
117223	43659	356	124	0
117224	43694	356	124	0
117225	43727	356	124	0
117226	43761	356	124	0
117227	43798	356	124	0
117228	43832	356	124	0
117229	43893	356	124	0
117230	43954	356	124	0
117231	44000	356	124	0
117232	44036	356	124	0
117233	44076	356	124	0
117234	44128	356	124	0
117235	44162	356	124	0
117236	44218	356	124	0
117237	44254	356	124	0
117238	44291	356	124	0
117239	44334	356	124	0
117240	44394	356	124	0
117241	44432	356	124	0
117242	44472	356	124	0
117243	44509	356	124	0
117244	44557	356	124	0
117245	44599	356	124	0
117246	44645	356	124	0
117247	44684	356	124	0
117248	44749	356	124	0
117249	44785	356	124	0
117250	44824	356	124	0
117251	44859	356	124	0
117252	44917	356	124	0
117253	44964	356	124	0
117254	45021	356	124	0
117255	45081	356	124	0
117256	45133	356	124	0
117257	45169	356	124	0
117258	45226	356	124	0
117259	45276	356	124	0
117260	45329	356	124	0
117261	45397	356	124	0
117262	45450	356	124	0
117263	45488	356	124	0
117264	45535	356	124	0
117265	45575	356	124	0
117266	45612	356	124	0
117267	45649	356	124	0
117268	45713	356	124	0
117269	45756	356	124	0
117270	45793	356	124	0
117271	45830	356	124	0
117272	45867	356	124	0
117273	45901	356	124	0
117274	45961	356	124	0
117275	46017	356	124	0
117276	46054	356	124	0
117277	46091	356	124	0
117278	46128	356	124	0
117279	46165	356	124	0
117280	46220	356	124	0
117281	46259	356	124	0
117282	46295	356	124	0
117283	46331	356	124	0
117284	46365	356	124	0
117285	46399	356	124	0
117286	46432	356	124	0
117287	46508	356	124	0
117288	46545	356	124	0
117289	46585	356	124	0
117290	46625	356	124	0
117291	46662	356	124	0
117292	46715	356	124	0
117293	46750	356	124	0
117294	46787	356	124	0
117295	46820	356	124	0
117296	46862	356	124	0
117297	46899	356	124	0
117298	46961	356	124	0
117299	46995	356	124	0
117300	47033	356	124	0
117301	47088	356	124	0
117302	47128	356	124	0
117303	47176	356	125	0
117304	47211	356	125	0
117305	47257	356	125	0
117306	47295	356	125	0
117307	47350	356	125	0
117308	47389	356	125	0
117309	47430	356	126	0
117310	47471	356	126	0
117311	47508	356	126	0
117312	47546	356	126	0
117313	47582	356	127	0
117314	47663	356	127	0
117315	47720	356	129	0
117316	47756	356	129	0
117317	47793	355	130	0
117318	47834	355	131	0
117319	47890	354	132	0
117320	47951	354	132	0
117321	47989	353	133	0
117322	48024	352	133	0
117323	48069	350	134	0
117324	48104	350	134	0
117325	48144	350	134	0
117326	48191	350	134	0
117327	48226	351	134	0
117328	48306	351	134	0
117329	48346	351	134	0
117330	48398	351	134	0
117331	48456	351	134	0
117332	48492	351	134	0
117333	48541	351	134	0
117334	48581	351	134	0
117335	48653	351	134	0
117336	48695	351	134	0
117337	48734	351	134	0
117338	48783	351	134	0
117339	48818	351	134	0
117340	48857	351	134	0
117341	48896	351	134	0
117342	48941	351	134	0
117343	48988	351	134	0
117344	49057	351	134	0
117345	49112	351	134	0
117346	49150	351	134	0
117347	49187	351	134	0
117348	49244	351	134	0
117349	49280	351	134	0
117350	49319	351	134	0
117351	49373	351	134	0
117352	49410	351	134	0
117353	49445	351	134	0
117354	49481	351	134	0
117355	49538	351	134	0
117356	49581	351	134	0
117357	49625	351	134	0
117358	49665	351	134	0
117359	49703	351	134	0
117360	49741	351	134	0
117361	49778	351	134	0
117362	49816	351	134	0
117363	49858	351	134	0
117364	49894	351	134	0
117365	49931	351	134	0
117366	49968	351	134	0
117367	50003	351	134	0
117368	50046	351	134	0
117369	50083	351	134	0
117370	50120	351	134	0
117371	50155	351	134	0
117372	50190	351	134	0
117373	50225	351	134	0
117374	50276	351	134	0
117375	50326	351	134	0
117376	50362	351	134	0
117377	50398	351	134	0
117378	50437	351	134	0
117379	50473	351	134	0
117380	50517	351	134	0
117381	50553	351	134	0
117382	50603	351	134	0
117383	50638	351	134	0
117384	50675	351	134	0
117385	50710	351	134	0
117386	50746	351	134	0
117387	50784	351	134	0
117388	50822	351	134	0
117389	50857	351	134	0
117390	50893	351	134	0
117391	50941	351	134	0
117392	50990	351	134	0
117393	51024	351	134	0
117394	51080	351	134	0
117395	51122	351	134	0
117396	51158	351	134	0
117397	51204	351	134	0
117398	51256	351	134	0
117399	51303	351	134	0
117400	51340	351	134	0
117401	51405	351	134	0
117402	51453	351	134	0
117403	51488	351	134	0
117404	51539	351	134	0
117405	51574	351	134	0
117406	51613	351	134	0
117407	51665	351	134	0
117408	51706	351	134	0
117409	51751	351	134	0
117410	51785	351	134	0
117411	51825	351	134	0
117412	51865	351	134	0
117413	51899	351	134	0
117414	51978	351	134	0
117415	52013	351	134	0
117416	52051	351	134	0
117417	52094	351	134	0
117418	52132	351	134	0
117419	52168	351	134	0
117420	52205	351	134	0
117421	52268	351	134	0
117422	52312	351	134	0
117423	52364	351	134	0
117424	52399	351	134	0
117425	52436	351	134	0
117426	52477	351	134	0
117427	52519	351	134	0
117428	52577	351	134	0
117429	52638	351	134	0
117430	52673	351	134	0
117431	52711	351	134	0
117432	52749	351	134	0
117433	52785	351	134	0
117434	52853	351	134	0
117435	52898	351	134	0
117436	52940	351	134	0
117437	52991	351	134	0
117438	53035	351	134	0
117439	53077	351	134	0
117440	53116	351	134	0
117441	53212	351	134	0
117442	53246	350	135	0
117443	53306	350	135	0
117444	53347	350	135	0
117445	53382	350	135	0
117446	53418	350	135	0
117447	53461	350	135	0
117448	53529	350	135	0
117449	53568	350	135	0
117450	53606	350	135	0
117451	53656	350	135	0
117452	53693	350	135	0
117453	53753	350	135	0
117454	53810	350	135	0
117455	53849	350	135	0
117456	53893	350	135	0
117457	53942	350	135	0
117458	53990	350	135	0
117459	54037	350	135	0
117460	54085	350	135	0
117461	54140	350	135	0
117462	54177	350	135	0
117463	54211	350	135	0
117464	54246	350	135	0
117465	54311	350	135	0
117466	54348	350	135	0
117467	54393	350	135	0
117468	54441	350	135	0
117469	54494	350	135	0
117470	54541	350	135	0
117471	54578	350	135	0
117472	54666	350	135	0
117473	54701	350	135	0
117474	54755	350	135	0
117475	54794	350	135	0
117476	54831	350	135	0
117477	54915	350	135	0
117478	54952	350	135	0
117479	55006	350	135	0
117480	55043	350	135	0
117481	55080	350	135	0
117482	55113	350	135	0
117483	55153	350	135	0
117484	55192	350	135	0
117485	55238	350	135	0
117486	55279	350	135	0
117487	55320	350	135	0
117488	55363	350	135	0
117489	55401	350	135	0
117490	55439	350	135	0
117491	55477	350	135	0
117492	55522	350	135	0
117493	55562	350	135	0
117494	55600	350	135	0
117495	55644	350	135	0
117496	55682	350	135	0
117497	55717	350	135	0
117498	55752	350	135	0
117499	55794	350	135	0
117500	55845	350	135	0
117501	55881	350	135	0
117502	55933	350	135	0
117503	55976	350	135	0
117504	56011	350	135	0
117505	56059	350	135	0
117506	56103	350	135	0
117507	56140	350	135	0
117508	56181	350	135	0
117509	56232	350	135	0
117510	56271	350	135	0
117511	56311	350	135	0
117512	56376	350	135	0
117513	56411	350	135	0
117514	56466	350	135	0
117515	56500	350	135	0
117516	56546	350	135	0
117517	56590	350	135	0
117518	56640	350	135	0
117519	56680	350	135	0
117520	56723	350	135	0
117521	56757	350	135	0
117522	56805	350	135	0
117523	56840	350	135	0
117524	56882	350	135	0
117525	56918	350	135	0
117526	56987	350	135	0
117527	57025	350	135	0
117528	57075	350	135	0
117529	57116	350	135	0
117530	57173	350	135	0
117531	57225	350	135	0
117532	57269	350	135	0
117533	57330	350	135	0
117534	57363	350	135	0
117535	57401	350	135	0
117536	57440	350	135	0
117537	57487	350	135	0
117538	57528	350	135	0
117539	57595	350	135	0
117540	57629	350	135	0
117541	57667	350	135	0
117542	57706	350	135	0
117543	57745	350	135	0
117544	57782	350	135	0
117545	57819	350	135	0
117546	57894	350	135	0
117547	57935	350	135	0
117548	57974	350	135	0
117549	58009	350	135	0
117550	58051	350	135	0
117551	58084	350	135	0
117552	58152	350	135	0
117553	58203	350	135	0
117554	58239	350	135	0
117555	58274	350	135	0
117556	58310	350	135	0
117557	58346	350	135	0
117558	58380	350	135	0
117559	58445	350	135	0
117560	58482	350	135	0
117561	58520	350	135	0
117562	58572	350	135	0
117563	58608	350	135	0
117564	58645	350	135	0
117565	58698	350	135	0
117566	58737	350	135	0
117567	58772	350	135	0
117568	58822	350	135	0
117569	58867	350	135	0
117570	58907	350	135	0
117571	58948	350	135	0
117572	58993	350	135	0
117573	59030	350	135	0
117574	59079	350	135	0
117575	59114	350	135	0
117576	59157	350	135	0
117577	59199	350	135	0
117578	59234	350	135	0
117579	59273	350	135	0
117580	59309	350	135	0
117581	59347	350	135	0
117582	59402	350	135	0
117583	59439	350	135	0
117584	59477	350	135	0
117585	59511	350	135	0
117586	59570	350	135	0
117587	59607	350	135	0
117588	59643	350	135	0
117589	59677	350	135	0
117590	59713	350	135	0
117591	59749	350	135	0
117592	59805	350	135	0
117593	59879	350	135	0
117594	59943	350	135	0
117595	59999	350	135	0
117596	60036	350	135	0
117597	60073	350	135	0
117598	60115	350	135	0
117599	60169	350	135	0
117600	60226	350	135	0
117601	60269	350	135	0
117602	60307	350	135	0
117603	60342	350	135	0
117604	60381	350	135	0
117605	60427	350	135	0
117606	60465	350	135	0
117607	60501	350	135	0
117608	60543	350	135	0
117609	60581	350	135	0
117610	60618	350	135	0
117611	60662	350	135	0
117612	60729	350	135	0
117613	60776	350	135	0
117614	60815	350	135	0
117615	60849	350	135	0
117616	60886	350	135	0
117617	60929	350	135	0
117618	60976	350	135	0
117619	61026	350	135	0
117620	61078	350	135	0
117621	61118	350	135	0
117622	61160	350	135	0
117623	61210	350	135	0
117624	61246	350	135	0
117625	61326	350	135	0
117626	61370	350	135	0
117627	61410	350	135	0
117628	61449	350	135	0
117629	61506	350	135	0
117630	61544	350	135	0
117631	61586	350	135	0
117632	61625	350	135	0
117633	61672	350	135	0
117634	61707	350	135	0
117635	61751	350	135	0
117636	61803	350	135	0
117637	61842	350	135	0
117638	61898	350	135	0
117639	61936	350	135	0
117640	61973	350	135	0
117641	62014	350	135	0
117642	62049	350	135	0
117643	62109	350	135	0
117644	62145	350	135	0
117645	62203	350	135	0
117646	62263	350	135	0
117647	62319	350	135	0
117648	62375	350	135	0
117649	62437	350	135	0
117650	62476	350	135	0
117651	62527	350	135	0
117652	62569	350	135	0
117653	62610	350	135	0
117654	62654	350	135	0
117655	62690	350	135	0
117656	62729	350	135	0
117657	62770	350	135	0
117658	62809	350	135	0
117659	62864	350	135	0
117660	62902	350	135	0
117661	62941	350	135	0
117662	62983	350	135	0
117663	63026	350	135	0
117664	63069	350	135	0
117665	63105	350	135	0
117666	63143	350	135	0
117667	63180	350	135	0
117668	63229	350	135	0
117669	63264	350	135	0
117670	63317	350	135	0
117671	63366	350	135	0
117672	63403	350	135	0
117673	63443	350	135	0
117674	63482	350	135	0
117675	63528	350	135	0
117676	63568	350	135	0
117677	63668	350	135	0
117678	63702	350	135	0
117679	63759	350	135	0
117680	63804	350	135	0
117681	63841	350	135	0
117682	63927	350	135	0
117683	63965	350	135	0
117684	64001	350	135	0
117685	64049	350	135	0
117686	64091	350	135	0
117687	64142	350	135	0
117688	64189	350	135	0
117689	64224	350	135	0
117690	64260	350	135	0
117691	64301	350	135	0
117692	64337	350	135	0
117693	64378	350	135	0
117694	64438	350	135	0
117695	64496	350	135	0
117696	64532	350	135	0
117697	64571	350	135	0
117698	64608	350	135	0
117699	64648	350	135	0
117700	64689	350	135	0
117701	64726	350	135	0
117702	64763	350	135	0
117703	64825	350	135	0
117704	64861	350	135	0
117705	64910	350	135	0
117706	64972	350	135	0
117707	65016	350	135	0
117708	65060	350	135	0
117709	65097	350	135	0
117710	65176	350	135	0
117711	65222	350	135	0
117712	65265	350	135	0
117713	65302	350	135	0
117714	65346	350	135	0
117715	65384	350	135	0
117716	65425	350	135	0
117717	65461	350	135	0
117718	65499	350	135	0
117719	65541	350	135	0
117720	65578	350	135	0
117721	65613	350	135	0
117722	65650	350	135	0
117723	65702	350	135	0
117724	65737	350	135	0
117725	65785	350	135	0
117726	65822	350	135	0
117727	65869	350	135	0
117728	65907	350	135	0
117729	65989	350	135	0
117730	66036	350	135	0
117731	66069	350	135	0
117732	66107	350	135	0
117733	66151	350	135	0
117734	66191	350	135	0
117735	66229	350	135	0
117736	66265	350	135	0
117737	66317	350	135	0
117738	66358	350	135	0
117739	66403	350	135	0
117740	66439	350	135	0
117741	66474	350	135	0
117742	66538	350	135	0
117743	66585	350	135	0
117744	66622	350	135	0
117745	66659	350	135	0
117746	66696	350	135	0
117747	66766	350	135	0
117748	66807	350	135	0
117749	66842	350	135	0
117750	66877	350	135	0
117751	66922	350	135	0
117752	66961	350	135	0
117753	66999	350	135	0
117754	67046	350	135	0
117755	67099	350	135	0
117756	67150	350	135	0
117757	67185	350	135	0
117758	67221	350	135	0
117759	67260	350	135	0
117760	67298	350	135	0
117761	67334	350	135	0
117762	67371	350	135	0
117763	67411	350	135	0
117764	67448	350	135	0
117765	67485	350	135	0
117766	67522	350	135	0
117767	67558	350	135	0
117768	67597	350	135	0
117769	67636	350	135	0
117770	67669	350	135	0
117771	67705	350	135	0
117772	67737	350	135	0
117773	67777	350	135	0
117774	67815	350	135	0
117775	67867	350	135	0
117776	67910	350	135	0
117777	67945	350	135	0
117778	67986	350	135	0
117779	68031	350	135	0
117780	68075	350	135	0
117781	68111	350	135	0
117782	68155	350	135	0
117783	68207	350	135	0
117784	68278	350	135	0
117785	68314	350	135	0
117786	68374	350	135	0
117787	68410	350	135	0
117788	68445	350	135	0
117789	68493	350	135	0
117790	68541	350	135	0
117791	68579	350	135	0
117792	68619	350	135	0
117793	68654	350	135	0
117794	68692	350	135	0
117795	68729	350	135	0
117796	68778	350	135	0
117797	68820	350	135	0
117798	68858	350	135	0
117799	68894	350	135	0
117800	68930	350	135	0
117801	69001	350	135	0
117802	69070	350	135	0
117803	69111	350	135	0
117804	69148	350	135	0
117805	69186	350	135	0
117806	69241	350	135	0
117807	69285	350	135	0
117808	69335	350	135	0
117809	69371	350	135	0
117810	69405	350	135	0
117811	69458	350	135	0
117812	69495	350	135	0
117813	69533	350	135	0
117814	69575	350	135	0
117815	69620	350	135	0
117816	69658	350	135	0
117817	69698	350	135	0
117818	69749	350	135	0
117819	69802	350	135	0
117820	69837	350	135	0
117821	69872	350	135	0
117822	69927	350	135	0
117823	69969	350	135	0
117824	70004	350	135	0
117825	70042	350	135	0
117826	70078	350	135	0
117827	70116	350	135	0
117828	70186	350	135	0
117829	70236	350	135	0
117830	70280	350	135	0
117831	70316	350	135	0
117832	70353	350	135	0
117833	70393	350	135	0
117834	70435	350	135	0
117835	70473	350	135	0
117836	70517	350	135	0
117837	70563	350	135	0
117838	70602	350	135	0
117839	70638	350	135	0
117840	70696	350	135	0
117841	70750	350	135	0
117842	70785	350	135	0
117843	70823	350	135	0
117844	70857	350	135	0
117845	70897	350	135	0
117846	70936	350	136	0
117847	70970	350	136	0
117848	71022	350	136	0
117849	71058	350	136	0
117850	71096	350	136	0
117851	71158	351	136	0
117852	71192	351	136	0
117853	71241	351	136	0
117854	71287	351	136	0
117855	71342	350	137	0
117856	71403	350	137	0
117857	71438	350	137	0
117858	71503	350	137	0
117859	71543	350	137	0
117860	71582	351	137	0
117861	71623	351	137	0
117862	71672	351	138	0
117863	71726	351	137	0
117864	71761	351	138	0
117865	71807	351	138	0
117866	71849	351	138	0
117867	71909	351	138	0
117868	71954	351	138	0
117869	72016	351	138	0
117870	72050	352	139	0
117871	72092	352	139	0
117872	72126	352	140	0
117873	72163	353	141	0
117874	72202	353	141	0
117875	72236	353	141	0
117876	72293	353	141	0
117877	72328	353	141	0
117878	72386	353	141	0
117879	72424	353	141	0
117880	72458	353	141	0
117881	72500	353	141	0
117882	72567	353	141	0
117883	72604	353	141	0
117884	72641	353	141	0
117885	72680	353	141	0
117886	72722	353	141	0
117887	72764	353	141	0
117888	72801	353	141	0
117889	72843	353	141	0
117890	72893	353	141	0
117891	72930	353	141	0
117892	72966	353	141	0
117893	73004	353	141	0
117894	73038	353	141	0
117895	73082	353	141	0
117896	73143	353	141	0
117897	73191	353	141	0
117898	73228	353	141	0
117899	73285	353	141	0
117900	73330	353	141	0
117901	73365	353	141	0
117902	73450	353	141	0
117903	73490	353	141	0
117904	73527	353	141	0
117905	73564	353	141	0
117906	73619	353	141	0
117907	73653	353	141	0
117908	73688	353	141	0
117909	73740	353	141	0
117910	73775	353	141	0
117911	73813	353	141	0
117912	73869	353	141	0
117913	73903	353	141	0
117914	73939	353	141	0
117915	73993	353	141	0
117916	74026	353	141	0
117917	74082	353	141	0
117918	74121	353	141	0
117919	74157	353	141	0
117920	74219	353	141	0
117921	74275	353	141	0
117922	74314	353	141	0
117923	74352	353	141	0
117924	74394	353	141	0
117925	74429	353	141	0
117926	74465	353	141	0
117927	74502	353	141	0
117928	74549	353	141	0
117929	74589	353	141	0
117930	74624	353	141	0
117931	74658	353	141	0
117932	74700	353	141	0
117933	74744	353	141	0
117934	74796	353	141	0
117935	74836	353	141	0
117936	74873	353	141	0
117937	74923	353	141	0
117938	74973	353	141	0
117939	75013	353	141	0
117940	75055	353	141	0
117941	75097	353	141	0
117942	75131	353	141	0
117943	75184	353	141	0
117944	75221	353	141	0
117945	75257	353	141	0
117946	75291	353	141	0
117947	75336	353	141	0
117948	75386	353	141	0
117949	75426	353	141	0
117950	75460	353	141	0
117951	75526	353	141	0
117952	75583	353	141	0
117953	75629	353	141	0
117954	75668	353	141	0
117955	75730	353	141	0
117956	75780	353	141	0
117957	75819	353	141	0
117958	75867	353	141	0
117959	75903	353	141	0
117960	75949	353	141	0
117961	75994	353	141	0
117962	76077	353	141	0
117963	76124	353	141	0
117964	76169	353	142	0
117965	76219	353	142	0
117966	76273	353	142	0
117967	76326	353	142	0
117968	76370	353	142	0
117969	76403	353	142	0
117970	76451	353	142	0
117971	76491	353	142	0
117972	76528	353	142	0
117973	76564	353	142	0
117974	76600	353	142	0
117975	76635	353	142	0
117976	76702	353	142	0
117977	76747	353	142	0
117978	76798	353	142	0
117979	76834	353	142	0
117980	76867	353	142	0
117981	76905	353	142	0
117982	76997	353	142	0
117983	77039	353	142	0
117984	77076	353	142	0
117985	77116	353	142	0
117986	77156	353	142	0
117987	77194	353	142	0
117988	77244	353	142	0
117989	77283	353	142	0
117990	77318	353	142	0
117991	77358	353	142	0
117992	77411	353	142	0
117993	77457	353	142	0
117994	77492	353	142	0
117995	77529	353	142	0
117996	77593	353	142	0
117997	77654	353	142	0
117998	77688	353	142	0
117999	77726	353	142	0
118000	77774	353	142	0
118001	77811	353	142	0
118002	77869	353	142	0
118003	77911	353	142	0
118004	77956	353	142	0
118005	77991	353	142	0
118006	78043	353	142	0
118007	78082	353	142	0
118008	78120	353	142	0
118009	78156	353	142	0
118010	78206	353	142	0
118011	78244	353	142	0
118012	78282	353	142	0
118013	78322	353	142	0
118014	78357	353	142	0
118015	78435	353	142	0
118016	78474	353	142	0
118017	78514	353	142	0
118018	78554	353	142	0
118019	78590	353	142	0
118020	78626	353	142	0
118021	78677	353	142	0
118022	78720	353	142	0
118023	78758	353	142	0
118024	78796	353	142	0
118025	78858	353	142	0
118026	78896	353	142	0
118027	78954	353	142	0
118028	79015	353	142	0
118029	79052	353	142	0
118030	79098	353	142	0
118031	79142	353	142	0
118032	79179	353	142	0
118033	79228	353	142	0
118034	79265	353	142	0
118035	79339	353	142	0
118036	79385	353	142	0
118037	79433	353	142	0
118038	79480	353	142	0
118039	79518	353	142	0
118040	79554	353	142	0
118041	79623	353	142	0
118042	79675	353	142	0
118043	79710	353	142	0
118044	79745	353	142	0
118045	79783	353	142	0
118046	79818	353	142	0
118047	79856	353	142	0
118048	79898	353	142	0
118049	79936	353	142	0
118050	79975	353	142	0
118051	80031	353	142	0
118052	80066	353	142	0
118053	80103	353	142	0
118054	80142	353	142	0
118055	80189	353	142	0
118056	80235	353	142	0
118057	80282	353	142	0
118058	80318	353	142	0
118059	80358	353	142	0
118060	80393	353	142	0
118061	80459	353	142	0
118062	80497	353	142	0
118063	80543	353	142	0
118064	80582	353	142	0
118065	80620	353	142	0
118066	80679	353	142	0
118067	80736	353	142	0
118068	80778	353	142	0
118069	80829	353	142	0
118070	80864	353	142	0
118071	80898	353	142	0
118072	80933	353	142	0
118073	80968	353	142	0
118074	81012	353	142	0
118075	81062	353	142	0
118076	81102	353	142	0
118077	81153	353	142	0
118078	81194	353	142	0
118079	81231	353	142	0
118080	81264	353	142	0
118081	81341	353	142	0
118082	81380	353	142	0
118083	81415	353	142	0
118084	81458	353	142	0
118085	81492	353	142	0
118086	81529	353	142	0
118087	81570	353	142	0
118088	81618	353	142	0
118089	81656	353	142	0
118090	81693	353	142	0
118091	81726	353	142	0
118092	81761	353	142	0
118093	81794	353	143	0
118094	81847	353	142	0
118095	81921	353	142	0
118096	81982	353	142	0
118097	82017	353	142	0
118098	82057	353	142	0
118099	82109	353	142	0
118100	82170	353	142	0
118101	82205	353	142	0
118102	82240	353	142	0
118103	82285	353	142	0
118104	82322	353	142	0
118105	82358	353	142	0
118106	82395	353	142	0
118107	82460	353	142	0
118108	82497	353	142	0
118109	82531	353	142	0
118110	82566	353	142	0
118111	82604	353	142	0
118112	82640	353	142	0
118113	82678	353	142	0
118114	82746	353	142	0
118115	82815	353	142	0
118116	82864	353	142	0
118117	82898	353	142	0
118118	82937	353	142	0
118119	82979	353	142	0
118120	83042	353	142	0
118121	83080	353	143	0
118122	83131	353	143	0
118123	83165	353	142	0
118124	83202	353	142	0
118125	83237	353	142	0
118126	83275	353	142	0
118127	83311	353	142	0
118128	83382	353	143	0
118129	83416	353	143	0
118130	83450	353	142	0
118131	83491	353	142	0
118132	83529	353	142	0
118133	83565	353	142	0
118134	83611	353	143	0
118135	83648	353	143	0
118136	83698	353	143	0
118137	83733	353	143	0
118138	83769	353	142	0
118139	83810	353	143	0
118140	83849	353	142	0
118141	83926	353	142	0
118142	83991	353	142	0
118143	84043	353	142	0
118144	84095	353	142	0
118145	84131	353	142	0
118146	84172	353	142	0
118147	84215	353	143	0
118148	84296	353	142	0
118149	84344	353	142	0
118150	84381	353	142	0
118151	84419	353	142	0
118152	84456	353	142	0
118153	84517	353	142	0
118154	84560	353	143	0
118155	84613	353	143	0
118156	84681	353	143	0
118157	84723	353	143	0
118158	84761	353	142	0
118159	84811	353	142	0
118160	84846	353	143	0
118161	84894	353	142	0
118162	84928	353	143	0
118163	84966	353	142	0
118164	85005	353	142	0
118165	85051	353	142	0
118166	85092	353	142	0
118167	85126	353	142	0
118168	85202	353	142	0
118169	85238	353	142	0
118170	85288	353	142	0
118171	85323	353	142	0
118172	85357	353	142	0
118173	85393	353	142	0
118174	85435	353	142	0
118175	85473	353	142	0
118176	85511	353	142	0
118177	85563	353	142	0
118178	85607	353	142	0
118179	85645	353	142	0
118180	85690	353	142	0
118181	85733	353	142	0
118182	85771	353	142	0
118183	85809	353	142	0
118184	85848	353	142	0
118185	85882	353	142	0
118186	85917	353	142	0
118187	85972	353	142	0
118188	86025	353	142	0
118189	86062	353	142	0
118190	86105	353	142	0
118191	86146	353	143	0
118192	86193	353	143	0
118193	86238	353	143	0
118194	86275	353	143	0
118195	86327	353	143	0
118196	86364	353	143	0
118197	86404	353	143	0
118198	86441	352	143	0
118199	86485	352	143	0
118200	86537	352	143	0
118201	86574	352	143	0
118202	86613	352	143	0
118203	86654	352	143	0
118204	86702	352	143	0
118205	86752	352	143	0
118206	86797	352	143	0
118207	86856	352	143	0
118208	86898	352	143	0
118209	86944	352	143	0
118210	86980	352	143	0
118211	87042	352	143	0
118212	87087	352	143	0
118213	87123	352	143	0
118214	87166	352	143	0
118215	87201	352	143	0
118216	87239	352	143	0
118217	87285	352	143	0
118218	87321	352	143	0
118219	87357	352	143	0
118220	87407	352	143	0
118221	87444	352	143	0
118222	87481	352	143	0
118223	87531	352	143	0
118224	87576	352	143	0
118225	87644	352	143	0
118226	87680	352	143	0
118227	87730	352	143	0
118228	87787	352	143	0
118229	87823	352	143	0
118230	87876	352	143	0
118231	87915	352	143	0
118232	87957	352	143	0
118233	88001	352	143	0
118234	88060	352	143	0
118235	88097	352	143	0
118236	88131	352	143	0
118237	88165	352	143	0
118238	88200	352	143	0
118239	88236	352	143	0
118240	88280	352	143	0
118241	88321	352	143	0
118242	88371	352	143	0
118243	88413	352	143	0
118244	88449	352	143	0
118245	88505	352	143	0
118246	88555	352	143	0
118247	88594	352	143	0
118248	88642	352	143	0
118249	88693	352	143	0
118250	88735	352	143	0
118251	88778	352	143	0
118252	88842	352	143	0
118253	88906	352	143	0
118254	88952	352	143	0
118255	89013	352	143	0
118256	89048	352	143	0
118257	89126	352	143	0
118258	89163	352	143	0
118259	89201	352	143	0
118260	89259	352	143	0
118261	89301	352	143	0
118262	89340	352	143	0
118263	89394	352	143	0
118264	89439	352	143	0
118265	89478	352	143	0
118266	89517	352	143	0
118267	89567	352	143	0
118268	89609	352	143	0
118269	89644	352	143	0
118270	89693	352	143	0
118271	89734	352	143	0
118272	89773	352	143	0
118273	89830	352	143	0
118274	89865	352	143	0
118275	89909	352	143	0
118276	89963	352	143	0
118277	90003	352	143	0
118278	90049	352	143	0
118279	90119	352	143	0
118280	90161	352	143	0
118281	90202	352	143	0
118282	90241	352	143	0
118283	90284	352	143	0
118284	90320	352	143	0
118285	90365	352	143	0
118286	90402	352	143	0
118287	90441	352	143	0
118288	90475	352	143	0
118289	90523	352	143	0
118290	90557	352	143	0
118291	90594	352	143	0
118292	90665	352	143	0
118293	90720	352	143	0
118294	90757	352	143	0
118295	90822	352	143	0
118296	90881	352	143	0
118297	90916	352	143	0
118298	90965	352	143	0
118299	91003	352	143	0
118300	91042	352	143	0
118301	91080	352	143	0
118302	91138	352	143	0
118303	91179	352	143	0
118304	91213	352	143	0
118305	91271	352	143	0
118306	91327	352	143	0
118307	91380	352	143	0
118308	91414	352	143	0
118309	91451	352	143	0
118310	91503	352	143	0
118311	91540	352	143	0
118312	91605	352	143	0
118313	91642	352	143	0
118314	91691	352	143	0
118315	91727	352	143	0
118316	91763	352	143	0
118317	91801	352	143	0
118318	91840	352	143	0
118319	91907	352	143	0
118320	91963	352	143	0
118321	92001	352	143	0
118322	92037	352	143	0
118323	92079	352	143	0
118324	92114	352	143	0
118325	92148	352	143	0
118326	92206	352	143	0
118327	92242	352	143	0
118328	92276	352	143	0
118329	92309	352	143	0
118330	92343	352	143	0
118331	92377	352	143	0
118332	92433	352	143	0
118333	92470	352	143	0
118334	92515	352	143	0
118335	92555	352	143	0
118336	92590	352	143	0
118337	92624	352	143	0
118338	92658	352	143	0
118339	92731	352	143	0
118340	92777	352	143	0
118341	92829	352	143	0
118342	92866	352	143	0
118343	92904	352	143	0
118344	92937	352	143	0
118345	92988	352	143	0
118346	93024	352	143	0
118347	93060	352	143	0
118348	93108	352	143	0
118349	93153	352	143	0
118350	93195	352	143	0
118351	93235	352	143	0
118352	93285	352	143	0
118353	93323	352	143	0
118354	93362	352	143	0
118355	93399	352	143	0
118356	93436	352	143	0
118357	93477	352	143	0
118358	93535	352	143	0
118359	93600	352	143	0
118360	93638	352	143	0
118361	93672	352	143	0
118362	93714	352	143	0
118363	93757	352	143	0
118364	93802	352	143	0
118365	93863	352	143	0
118366	93915	352	143	0
118367	93964	352	143	0
118368	94002	352	143	0
118369	94038	352	143	0
118370	94074	352	143	0
118371	94111	352	143	0
118372	94145	352	143	0
118373	94179	352	143	0
118374	94227	352	143	0
118375	94271	352	143	0
118376	94325	352	143	0
118377	94375	352	143	0
118378	94421	352	143	0
118379	94460	352	143	0
118380	94496	352	143	0
118381	94563	352	143	0
118382	94602	352	143	0
118383	94666	352	143	0
118384	94704	352	143	0
118385	94741	352	143	0
118386	94787	352	143	0
118387	94829	352	143	0
118388	94869	352	143	0
118389	94922	352	143	0
118390	94960	352	143	0
118391	94996	352	143	0
118392	95032	352	143	0
118393	95068	352	143	0
118394	95158	352	143	0
118395	95191	352	143	0
118396	95229	352	143	0
118397	95269	352	143	0
118398	95306	352	143	0
118399	95363	352	143	0
118400	95397	352	143	0
118401	95431	352	143	0
118402	95466	352	143	0
118403	95513	352	143	0
118404	95551	352	143	0
118405	95587	352	143	0
118406	95630	352	143	0
118407	95665	352	143	0
118408	95706	352	143	0
118409	95770	352	143	0
118410	95806	352	143	0
118411	95849	352	143	0
118412	95891	352	143	0
118413	95929	352	143	0
118414	95990	352	143	0
118415	96042	352	143	0
118416	96076	352	143	0
118417	96142	352	143	0
118418	96182	352	143	0
118419	96220	352	143	0
118420	96283	352	143	0
118421	96332	352	143	0
118422	96392	352	143	0
118423	96431	352	143	0
118424	96467	352	143	0
118425	96515	352	143	0
118426	96563	352	143	0
118427	96598	352	143	0
118428	96634	352	143	0
118429	96669	352	143	0
118430	96704	352	143	0
118431	96739	352	143	0
118432	96800	352	143	0
118433	96850	352	143	0
118434	96890	352	143	0
118435	96928	352	143	0
118436	96963	352	143	0
118437	96999	352	143	0
118438	97038	352	143	0
118439	97073	352	143	0
118440	97115	352	143	0
118441	97152	352	143	0
118442	97198	352	143	0
118443	97234	352	143	0
118444	97271	352	143	0
118445	97327	352	143	0
118446	97364	352	143	0
118447	97421	352	143	0
118448	97456	352	143	0
118449	97495	352	143	0
118450	97543	352	143	0
118451	97599	352	143	0
118452	97635	352	143	0
118453	97704	352	143	0
118454	97744	352	143	0
118455	97816	352	143	0
118456	97863	352	143	0
118457	97916	352	143	0
118458	97960	352	143	0
118459	98019	352	143	0
118460	98058	352	143	0
118461	98095	352	143	0
118462	98136	352	143	0
118463	98169	352	143	0
118464	98208	352	143	0
118465	98246	352	143	0
118466	98287	352	143	0
118467	98321	352	143	0
118468	98357	352	143	0
118469	98421	352	143	0
118470	98457	352	143	0
118471	98492	352	143	0
118472	98530	352	143	0
118473	98611	352	143	0
118474	98659	352	143	0
118475	98706	352	143	0
118476	98748	352	143	0
118477	98794	352	143	0
118478	98835	352	143	0
118479	98871	352	143	0
118480	98912	352	143	0
118481	98956	352	143	0
118482	98992	352	143	0
118483	99026	352	143	0
118484	99063	352	143	0
118485	99099	352	143	0
118486	99155	352	143	0
118487	99191	352	143	0
118488	99227	352	143	0
118489	99262	352	143	0
118490	99299	352	143	0
118491	99336	352	143	0
118492	99396	352	143	0
118493	99448	352	143	0
118494	99486	352	143	0
118495	99524	352	143	0
118496	99566	352	143	0
118497	99613	352	143	0
118498	99660	352	143	0
118499	99720	352	143	0
118500	99768	352	143	0
118501	99802	352	143	0
118502	99838	352	143	0
118503	99878	352	143	0
118504	99914	352	143	0
118505	99950	352	143	0
118506	100029	352	143	0
118507	100095	352	143	0
118508	100139	352	143	0
118509	100173	352	143	0
118510	100217	352	143	0
118511	100253	352	143	0
118512	100295	352	143	0
118513	100342	352	143	0
118514	100392	352	143	0
118515	100450	352	143	0
118516	100498	352	143	0
118517	100534	352	143	0
118518	100610	352	143	0
118519	100658	352	143	0
118520	100696	352	143	0
118521	100731	352	143	0
118522	100777	352	143	0
118523	100815	352	143	0
118524	100850	352	143	0
118525	100890	352	143	0
118526	100960	352	143	0
118527	100996	352	143	0
118528	101034	352	143	0
118529	101097	352	143	0
118530	101132	352	143	0
118531	101178	352	143	0
118532	101229	352	143	0
118533	101269	352	143	0
118534	101320	352	143	0
118535	101356	352	143	0
118536	101410	352	143	0
118537	101443	352	143	0
118538	101482	352	143	0
118539	101527	352	143	0
118540	101575	352	143	0
118541	101627	352	143	0
118542	101663	352	143	0
118543	101707	352	143	0
118544	101744	352	143	0
118545	101781	352	143	0
118546	101851	352	143	0
118547	101890	352	143	0
118548	101927	352	143	0
118549	101962	352	143	0
118550	102009	352	143	0
118551	102044	352	143	0
118552	102084	352	143	0
118553	102120	352	143	0
118554	102156	352	143	0
118555	102192	352	143	0
118556	102227	352	143	0
118557	102266	352	143	0
118558	102315	352	143	0
118559	102355	352	143	0
118560	102399	352	143	0
118561	102439	352	143	0
118562	102479	352	143	0
118563	102515	352	143	0
118564	102551	352	143	0
118565	102624	352	143	0
118566	102673	352	143	0
118567	102713	352	143	0
118568	102749	352	143	0
118569	102786	352	143	0
118570	102823	352	143	0
118571	102884	352	143	0
118572	102919	352	143	0
118573	102964	352	143	0
118574	102998	352	143	0
118575	103036	352	143	0
118576	103072	352	143	0
118577	103105	352	143	0
118578	103178	352	143	0
118579	103215	352	143	0
118580	103250	352	143	0
118581	103284	352	143	0
118582	103318	352	143	0
118583	103373	352	143	0
118584	103410	352	143	0
118585	103452	352	143	0
118586	103486	352	143	0
118587	103531	352	143	0
118588	103567	352	143	0
118589	103600	352	143	0
118590	103636	352	143	0
118591	103688	352	143	0
118592	103742	352	143	0
118593	103789	352	143	0
118594	103851	352	143	0
118595	103896	352	143	0
118596	103958	352	143	0
118597	104022	352	143	0
118598	104062	352	143	0
118599	104097	352	143	0
118600	104129	352	143	0
118601	104177	352	143	0
118602	104211	352	143	0
118603	104258	352	143	0
118604	104318	352	143	0
118605	104361	352	143	0
118606	104396	352	143	0
118607	104429	352	143	0
118608	104465	352	143	0
118609	104498	352	143	0
118610	104533	352	143	0
118611	104594	352	143	0
118612	104639	352	143	0
118613	104674	352	143	0
118614	104713	352	143	0
118615	104763	352	143	0
118616	104799	352	143	0
118617	104838	352	143	0
118618	104881	352	143	0
118619	104918	352	143	0
118620	104952	352	143	0
118621	104994	352	143	0
118622	105030	352	143	0
118623	105073	352	143	0
118624	105117	352	143	0
118625	105154	352	143	0
118626	105196	352	143	0
118627	105230	352	143	0
118628	105285	352	143	0
118629	105324	352	143	0
118630	105368	352	143	0
118631	105407	352	143	0
118632	105444	352	143	0
118633	105482	352	143	0
118634	105533	352	143	0
118635	105569	352	143	0
118636	105606	352	143	0
118637	105656	352	143	0
118638	105693	352	143	0
118639	105756	352	143	0
118640	105790	352	143	0
118641	105848	352	143	0
118642	105883	352	143	0
118643	105950	352	143	0
118644	105989	352	143	0
118645	106027	352	143	0
118646	106064	352	143	0
118647	106101	352	143	0
118648	106135	352	143	0
118649	106173	352	143	0
118650	106231	352	143	0
118651	106281	352	143	0
118652	106318	352	143	0
118653	106355	352	143	0
118654	106397	352	143	0
118655	106430	352	143	0
118656	106485	352	143	0
118657	106525	352	143	0
118658	106560	352	143	0
118659	106595	352	143	0
118660	106630	352	143	0
118661	106668	352	143	0
118662	106704	352	143	0
118663	106766	352	143	0
118664	106801	352	143	0
118665	106844	352	143	0
118666	106887	352	143	0
118667	106925	352	143	0
118668	106957	352	143	0
118669	106991	352	143	0
118670	107032	352	143	0
118671	107087	352	143	0
118672	107149	352	143	0
118673	107205	352	143	0
118674	107240	352	143	0
118675	107320	352	143	0
118676	107403	352	143	0
118677	107440	352	143	0
118678	107479	352	143	0
118679	107546	352	143	0
118680	107588	352	143	0
118681	107624	352	143	0
118682	107659	352	143	0
118683	107727	352	143	0
118684	107773	352	143	0
118685	107808	352	143	0
118686	107845	352	143	0
118687	107883	352	143	0
118688	107923	352	143	0
118689	107984	352	143	0
118690	108031	352	143	0
118691	108067	352	143	0
118692	108108	352	143	0
118693	108143	352	143	0
118694	108182	352	143	0
118695	108218	352	143	0
118696	108255	352	143	0
118697	108300	352	143	0
118698	108346	352	143	0
118699	108386	352	143	0
118700	108426	352	143	0
118701	108474	352	143	0
118702	108509	352	143	0
118703	108598	352	143	0
118704	108635	352	143	0
118705	108678	352	143	0
118706	108733	352	143	0
118707	108772	352	143	0
118708	108808	352	143	0
118709	108862	352	143	0
118710	108903	352	143	0
118711	108940	352	143	0
118712	108977	352	143	0
118713	109016	352	143	0
118714	109057	352	143	0
118715	109093	352	143	0
118716	109139	352	143	0
118717	109176	352	143	0
118718	109235	352	143	0
118719	109273	352	143	0
118720	109317	352	143	0
118721	109354	352	143	0
118722	109405	352	143	0
118723	109442	352	143	0
118724	109483	352	143	0
118725	109525	352	143	0
118726	109568	352	143	0
118727	109606	352	143	0
118728	109650	352	143	0
118729	109690	352	143	0
118730	109746	352	143	0
118731	109783	352	143	0
118732	109822	352	143	0
118733	109869	352	143	0
118734	109906	352	143	0
118735	109945	352	143	0
118736	109997	352	143	0
118737	110040	352	143	0
118738	110079	352	143	0
118739	110120	352	143	0
118740	110154	352	143	0
118741	110199	352	143	0
118742	110240	352	143	0
118743	110294	352	143	0
118744	110329	352	143	0
118745	110374	352	143	0
118746	110413	352	143	0
118747	110451	352	143	0
118748	110498	352	143	0
118749	110534	352	143	0
118750	110578	352	143	0
118751	110618	352	143	0
118752	110654	352	143	0
118753	110695	352	143	0
118754	110729	352	143	0
118755	110770	352	143	0
118756	110834	352	143	0
118757	110876	352	143	0
118758	110914	352	143	0
118759	110957	352	143	0
118760	110994	352	143	0
118761	111049	352	143	0
118762	111084	352	143	0
118763	111138	352	143	0
118764	111188	352	143	0
118765	111224	352	143	0
118766	111283	352	143	0
118767	111326	352	143	0
118768	111378	352	143	0
118769	111433	352	143	0
118770	111492	353	143	0
118771	111530	353	143	0
118772	111566	353	143	0
118773	111601	353	143	0
118774	111637	353	143	0
118775	111683	353	143	0
118776	111753	353	143	0
118777	111789	353	143	0
118778	111823	353	143	0
118779	111857	353	143	0
118780	111892	353	143	0
118781	111930	353	143	0
118782	111973	353	143	0
118783	112019	353	143	0
118784	112064	353	143	0
118785	112106	353	143	0
118786	112159	353	143	0
118787	112199	353	143	0
118788	112241	353	143	0
118789	112277	353	143	0
118790	112313	353	143	0
118791	112354	353	143	0
118792	112391	353	143	0
118793	112427	353	143	0
118794	112461	353	143	0
118795	112536	353	143	0
118796	112590	353	143	0
118797	112645	353	143	0
118798	112681	353	143	0
118799	112732	353	143	0
118800	112777	353	143	0
118801	112822	353	143	0
118802	112869	353	143	0
118803	112913	353	143	0
118804	112950	353	143	0
118805	112995	353	143	0
118806	113034	352	144	0
118807	113088	353	144	0
118808	113124	352	145	0
118809	113195	352	145	0
118810	113231	352	145	0
118811	113270	352	145	0
118812	113318	352	145	0
118813	113363	352	145	0
118814	113399	352	145	0
118815	113446	352	145	0
118816	113481	352	145	0
118817	113542	352	145	0
118818	113596	352	145	0
118819	113634	352	145	0
118820	113668	352	145	0
118821	113709	352	145	0
118822	113747	352	145	0
118823	113787	352	145	0
118824	113823	352	145	0
118825	113865	351	146	0
118826	113900	351	146	0
118827	113934	351	146	0
118828	114009	351	146	0
118829	114055	351	146	0
118830	114108	351	146	0
118831	114154	351	146	0
118832	114196	350	147	0
118833	114246	350	147	0
118834	114298	350	147	0
118835	114335	350	147	0
118836	114372	350	147	0
118837	114406	350	147	0
118838	114441	349	147	0
118839	114474	349	147	0
118840	114511	348	148	0
118841	114546	348	148	0
118842	114614	345	149	0
118843	114651	345	148	0
118844	114686	343	149	0
118845	114722	342	149	0
118846	114769	340	150	0
118847	114804	340	150	0
118848	114865	338	151	0
118849	114902	338	151	0
118850	114939	338	151	0
118851	114976	337	151	0
118852	115020	337	151	0
118853	115064	337	151	0
118854	115103	337	151	0
118855	115145	337	151	0
118856	115185	337	151	0
118857	115218	337	151	0
118858	115258	336	152	0
118859	115302	336	152	0
118860	115341	336	152	0
118861	115408	336	152	0
118862	115461	335	152	0
118863	115501	335	152	0
118864	115544	335	152	0
118865	115597	334	152	0
118866	115634	333	152	0
118867	115688	333	151	0
118868	115735	333	150	0
118869	115770	330	150	0
118870	115806	330	149	0
118871	115846	329	149	0
118872	115879	328	148	0
118873	115916	326	148	0
118874	115954	326	147	0
118875	116024	324	147	0
118876	116060	319	145	0
118877	116097	319	145	0
118878	116132	318	145	0
118879	116171	316	143	0
118880	116226	312	143	0
118881	116271	310	142	0
118882	116312	310	142	0
118883	116348	310	143	0
118884	116382	309	143	0
118885	116416	309	143	0
118886	116457	309	143	0
118887	116493	309	143	0
118888	116534	309	143	0
118889	116571	309	144	0
118890	116606	309	144	0
118891	116663	309	144	0
118892	116701	309	144	0
118893	116737	309	144	0
118894	116789	309	144	0
118895	116824	309	144	0
118896	116867	309	144	0
118897	116916	309	144	0
118898	116955	309	145	0
118899	116998	309	145	0
118900	117041	309	145	0
118901	117090	310	145	0
118902	117123	310	146	0
118903	117163	311	147	0
118904	117200	308	149	0
118905	117237	308	150	0
118906	117285	307	152	0
118907	117324	307	153	0
118908	117412	308	153	0
118909	117455	307	157	0
118910	117499	307	158	0
118911	117550	307	160	0
118912	117610	306	162	0
118913	117652	306	166	0
118914	117690	307	168	0
118915	117728	307	170	0
118916	117764	307	172	0
118917	117801	307	173	0
118918	117841	308	177	0
118919	117878	309	180	0
118920	117916	309	182	0
118921	117975	310	184	0
118922	118014	311	189	0
118923	118050	311	190	0
118924	118084	311	193	0
118925	118120	312	196	0
118926	118154	312	197	0
118927	118191	312	199	0
118928	118256	311	200	0
118929	118294	311	204	0
118930	118331	311	205	0
118931	118368	311	207	0
118932	118405	311	208	0
118933	118442	309	211	0
118934	118489	308	214	0
118935	118560	308	216	0
118936	118600	306	219	0
118937	118642	306	220	0
118938	118677	305	223	0
118939	118724	304	224	0
118940	118762	304	225	0
118941	118818	303	227	0
118942	118852	301	230	0
118943	118891	299	232	0
118944	118927	300	234	0
118945	118971	299	236	0
118946	119010	296	242	0
118947	119067	296	243	0
118948	119106	294	248	0
118949	119150	293	251	0
118950	119184	292	255	0
118951	119229	292	257	0
118952	119264	292	259	0
118953	119299	292	262	0
118954	119335	291	264	0
118955	119377	290	269	0
118956	119414	290	270	0
118957	119452	290	273	0
118958	119489	289	274	0
118959	119522	289	276	0
118960	119564	288	278	0
118961	119626	288	279	0
118962	119677	287	281	0
118963	119726	285	283	0
118964	119772	284	287	0
118965	119812	283	289	0
118966	119866	282	291	0
118967	119903	280	293	0
118968	119976	280	297	0
118969	120038	279	300	0
118970	120083	277	303	0
118971	120124	277	304	0
118972	120165	276	305	0
118973	120204	272	309	0
118974	120259	270	311	0
118975	120302	270	312	0
118976	120340	266	316	0
118977	120387	265	318	0
118978	120441	265	319	0
118979	120478	261	321	0
118980	120537	259	323	0
118981	120607	258	325	0
118982	120642	255	328	0
118983	120679	254	330	0
118984	120735	254	331	0
118985	120772	252	333	0
118986	120830	250	335	0
118987	120888	248	338	0
118988	120925	246	341	0
118989	120982	245	342	0
118990	121020	244	344	0
118991	121062	241	348	0
118992	121101	240	350	0
118993	121141	240	351	0
118994	121200	238	355	0
118995	121238	238	357	0
118996	121274	236	359	0
118997	121310	234	362	0
118998	121346	233	366	0
118999	121379	233	367	0
119000	121437	231	370	0
119001	121477	230	375	0
119002	121515	229	378	0
119003	121549	229	379	0
119004	121591	229	382	0
119005	121634	229	383	0
119006	121690	228	386	0
119007	121726	227	389	0
119008	121768	227	391	0
119009	121803	227	394	0
119010	121836	226	398	0
119011	121871	226	399	0
119012	121905	224	401	0
119013	121946	224	402	0
119014	121998	222	404	0
119015	122037	222	406	0
119016	122077	221	407	0
119017	122131	219	412	0
119018	122167	219	414	0
119019	122207	217	418	0
119020	122258	217	419	0
119021	122294	217	420	0
119022	122332	216	421	0
119023	122368	216	422	0
119024	122404	216	421	0
119025	122440	216	420	0
119026	122521	216	420	0
119027	122558	216	420	0
119028	122599	216	419	0
119029	122634	216	419	0
119030	122669	216	419	0
119031	122707	216	419	0
119032	122740	216	418	0
119033	122777	216	418	0
119034	122829	216	418	0
119035	122884	216	417	0
119036	122919	216	417	0
119037	122957	216	417	0
119038	122994	216	417	0
119039	123030	215	417	0
119040	123095	215	417	0
119041	123131	215	417	0
119042	123170	215	417	0
119043	123207	215	417	0
119044	123249	215	417	0
119045	123284	215	417	0
119046	123319	215	417	0
119047	123374	215	417	0
119048	123409	215	417	0
119049	123444	215	417	0
119050	123481	215	417	0
119051	123518	215	416	0
119052	123567	215	416	0
119053	123602	215	415	0
119054	123639	215	415	0
119055	123685	215	414	0
119056	123723	215	414	0
119057	123765	215	414	0
119058	123800	215	413	0
119059	123835	214	412	0
119060	123895	214	411	0
119061	123932	214	411	0
119062	123969	214	410	0
119063	124003	214	410	0
119064	124037	215	410	0
119065	124073	215	409	0
119066	124130	215	408	0
119067	124166	215	407	0
119068	124209	215	406	0
119069	124246	215	405	0
119070	124285	215	404	0
119071	124320	215	403	0
119072	124354	215	402	0
119073	124414	215	401	0
119074	124452	216	399	0
119075	124499	216	398	0
119076	124536	216	396	0
119077	124579	217	394	0
119078	124630	217	393	0
119079	124680	218	390	0
119080	124716	219	389	0
119081	124751	219	387	0
119082	124789	220	386	0
119083	124828	221	384	0
119084	124868	222	381	0
119085	124917	222	379	0
119086	124956	223	378	0
119087	124993	224	376	0
119088	125030	225	375	0
119089	125063	225	375	0
119090	125097	227	371	0
119091	125134	227	371	0
119092	125170	227	369	0
119093	125253	228	369	0
119094	125290	230	367	0
119095	125335	231	367	0
119096	125390	234	364	0
119097	125426	235	363	0
119098	125465	236	362	0
119099	125505	240	360	0
119100	125548	241	359	0
119101	125584	243	359	0
119102	125620	246	358	0
119103	125660	248	358	0
119104	125700	251	356	0
119105	125749	254	355	0
119106	125798	255	355	0
119107	125836	258	354	0
119108	125873	262	354	0
119109	125914	263	355	0
119110	125949	266	354	0
119111	125989	267	355	0
119112	126029	269	355	0
119113	126080	270	355	0
119114	126113	275	356	0
119115	126168	277	356	0
119116	126211	281	358	0
119117	126249	282	358	0
119118	126285	285	358	0
119119	126362	286	358	0
119120	126432	292	360	0
119121	126499	297	361	0
119122	126560	302	361	0
119123	126609	302	362	0
119124	126644	305	363	0
119125	126692	309	365	0
119126	126756	310	367	0
119127	126791	315	370	0
119128	126828	317	370	0
119129	126866	319	371	0
119130	126902	321	372	0
119131	126954	324	373	0
119132	126993	325	373	0
119133	127047	328	374	0
119134	127104	332	376	0
119135	127146	337	378	0
119136	127203	338	378	0
119137	127246	340	379	0
119138	127283	343	380	0
119139	127332	344	381	0
119140	127378	347	384	0
119141	127418	348	385	0
119142	127457	348	386	0
119143	127491	349	388	0
119144	127529	351	390	0
119145	127565	351	391	0
119146	127602	352	392	0
119147	127653	354	393	0
119148	127699	355	394	0
119149	127740	356	394	0
119150	127776	356	395	0
119151	127817	357	395	0
119152	127853	357	395	0
119153	127925	358	396	0
119154	127960	359	396	0
119155	128024	359	396	0
119156	128065	359	396	0
119157	128110	359	396	0
119158	128157	359	396	0
119159	128194	359	397	0
119160	128230	360	397	0
119161	128278	360	398	0
119162	128314	360	398	0
119163	128361	360	398	0
119164	128397	360	398	0
119165	128443	360	398	0
119166	128490	360	397	0
119167	128549	360	397	0
119168	128592	359	396	0
119169	128631	359	396	0
119170	128665	359	396	0
119171	128705	359	396	0
119172	128750	359	396	0
119173	128787	359	396	0
119174	128834	359	396	0
119175	128871	359	396	0
119176	128928	359	396	0
119177	128985	359	396	0
119178	129034	359	396	0
119179	129068	359	396	0
119180	129116	359	396	0
119181	129159	359	396	0
119182	129196	358	397	0
119183	129243	359	398	0
119184	129282	359	398	0
119185	129318	358	398	0
119186	129358	358	399	0
119187	129396	359	402	0
119188	129434	358	401	0
119189	129472	357	402	0
119190	129511	357	402	0
119191	129562	357	402	0
119192	129597	357	403	0
119193	129647	355	405	0
119194	129684	354	406	0
119195	129717	354	407	0
119196	129756	353	407	0
119197	129790	351	409	0
119198	129825	350	410	0
119199	129859	349	411	0
119200	129905	349	411	0
119201	129938	347	412	0
119202	129973	345	414	0
119203	130008	343	416	0
119204	130043	343	417	0
119205	130089	342	417	0
119206	130129	341	419	0
119207	130169	338	421	0
119208	130204	337	422	0
119209	130238	335	424	0
119210	130283	335	424	0
119211	130334	331	427	0
119212	130369	330	427	0
119213	130426	328	429	0
119214	130462	327	430	0
119215	130497	325	431	0
119216	130530	324	431	0
119217	130566	324	431	0
119218	130602	324	431	0
119219	130665	323	431	0
119220	130712	322	431	0
119221	130758	322	431	0
119222	130795	320	432	0
119223	130837	320	432	0
119224	130883	320	432	0
119225	130919	318	434	0
119226	130967	318	433	0
119227	131004	318	432	0
119228	131040	318	432	0
119229	131078	318	431	0
119230	131122	318	431	0
119231	131160	318	431	0
119232	131212	317	431	0
119233	131247	317	431	0
119234	131284	316	431	0
119235	131332	314	431	0
119236	131372	313	431	0
119237	131414	312	431	0
119238	131457	311	431	0
119239	131496	309	432	0
119240	131530	307	433	0
119241	131570	307	433	0
119242	131607	306	433	0
119243	131659	305	433	0
119244	131695	304	434	0
119245	131749	304	432	0
119246	131785	303	432	0
119247	131823	303	431	0
119248	131860	303	431	0
119249	131913	303	431	0
119250	131956	302	431	0
119251	131992	301	431	0
119252	132060	300	430	0
119253	132107	299	430	0
119254	132146	297	430	0
119255	132182	297	429	0
119256	132219	295	429	0
119257	132258	295	428	0
119258	132293	295	428	0
119259	132336	294	428	0
119260	132385	293	428	0
119261	132424	290	428	0
119262	132475	290	428	0
119263	132518	290	428	0
119264	132569	289	427	0
119265	132607	288	427	0
119266	132644	286	427	0
119267	132691	286	427	0
119268	132729	284	427	0
119269	132768	284	427	0
119270	132808	282	427	0
119271	132874	280	427	0
119272	132914	279	427	0
119273	132951	279	427	0
119274	132989	276	427	0
119275	133032	275	427	0
119276	133068	272	427	0
119277	133108	271	428	0
119278	133163	268	427	0
119279	133197	266	428	0
119280	133229	264	428	0
119281	133266	264	428	0
119282	133300	261	428	0
119283	133335	260	428	0
119284	133375	260	428	0
119285	133413	257	428	0
119286	133451	256	428	0
119287	133488	253	428	0
119288	133526	250	429	0
119289	133584	248	429	0
119290	133629	247	429	0
119291	133675	245	429	0
119292	133718	243	429	0
119293	133754	243	429	0
119294	133787	242	429	0
119295	133822	242	428	0
119296	133860	243	428	0
119297	133897	243	428	0
119298	133934	243	428	0
119299	133987	243	428	0
119300	134023	243	428	0
119301	134065	243	428	0
119302	134106	242	428	0
119303	134154	242	427	0
119304	134187	242	427	0
119305	134242	242	426	0
119306	134284	242	426	0
119307	134320	242	425	0
119308	134366	242	425	0
119309	134399	243	425	0
119310	134441	243	425	0
119311	134476	243	423	0
119312	134515	243	423	0
119313	134551	242	422	0
119314	134593	243	421	0
119315	134627	243	421	0
119316	134661	243	420	0
119317	134720	244	421	0
119318	134758	244	421	0
119319	134803	245	419	0
119320	134844	246	419	0
119321	134889	246	418	0
119322	134924	246	417	0
119323	134969	247	414	0
119324	135007	247	414	0
119325	135046	248	412	0
119326	135084	249	411	0
119327	135120	251	410	0
119328	135169	252	408	0
119329	135206	253	407	0
119330	135242	254	406	0
119331	135286	256	404	0
119332	135362	258	402	0
119333	135398	261	401	0
119334	135439	262	400	0
119335	135489	264	399	0
119336	135523	266	398	0
119337	135561	267	397	0
119338	135612	269	396	0
119339	135655	271	394	0
119340	135700	274	392	0
119341	135739	275	392	0
119342	135785	277	391	0
119343	135838	279	390	0
119344	135876	280	390	0
119345	135918	281	390	0
119346	135953	283	390	0
119347	135987	285	389	0
119348	136032	287	390	0
119349	136066	289	389	0
119350	136108	290	389	0
119351	136182	292	389	0
119352	136244	295	389	0
119353	136312	299	389	0
119354	136357	302	389	0
119355	136423	304	390	0
119356	136458	307	392	0
119357	136508	309	392	0
119358	136583	310	392	0
119359	136620	312	393	0
119360	136696	314	393	0
119361	136734	316	394	0
119362	136769	317	393	0
119363	136811	318	394	0
119364	136858	320	394	0
119365	136916	321	395	0
119366	136979	324	396	0
119367	137016	325	397	0
119368	137092	329	397	0
119369	137147	330	397	0
119370	137229	332	398	0
119371	137262	333	398	0
119372	137298	334	398	0
119373	137340	334	398	0
119374	137382	334	398	0
119375	137435	334	398	0
119376	137493	334	397	0
119377	137544	334	397	0
119378	137619	334	397	0
119379	137654	334	397	0
119380	137714	334	397	0
119381	137755	334	397	0
119382	137798	334	397	0
119383	137839	334	397	0
119384	137880	334	397	0
119385	137916	335	397	0
119386	137956	335	397	0
119387	138049	335	397	0
119388	138101	336	397	0
119389	138174	336	397	0
119390	138213	336	397	0
119391	138267	336	397	0
119392	138308	336	397	0
119393	138352	336	397	0
119394	138396	336	397	0
119395	138438	336	397	0
119396	138489	336	397	0
119397	138527	336	397	0
119398	138572	336	397	0
119399	138647	336	397	0
119400	138703	336	397	0
119401	138748	336	397	0
119402	138788	336	397	0
119403	138838	336	397	0
119404	138894	336	397	0
119405	138952	336	397	0
119406	139004	336	397	0
119407	139049	336	397	0
119408	139119	336	397	0
119409	139164	336	397	0
119410	139207	336	397	0
119411	139251	336	397	0
119412	139326	336	397	0
119413	139359	336	397	0
119414	139396	336	397	0
119415	139441	336	397	0
119416	139486	336	397	0
119417	139528	336	397	0
119418	139566	336	397	0
119419	139620	335	397	0
119420	139687	335	398	0
119421	139755	334	398	0
119422	139802	333	398	0
119423	139850	332	399	0
119424	139898	332	399	0
119425	139936	332	400	0
119426	139987	332	400	0
119427	140049	332	402	0
119428	140116	332	402	0
119429	140174	331	402	0
119430	140248	330	403	0
119431	140297	329	405	0
119432	140362	328	406	0
119433	140425	327	408	0
119434	140462	324	410	0
119435	140498	323	411	0
119436	140538	323	412	0
119437	140578	322	412	0
119438	140614	320	414	0
119439	140701	317	417	0
119440	140762	315	418	0
119441	140815	311	422	0
119442	140870	311	422	0
119443	140925	308	425	0
119444	140998	305	429	0
119445	141039	303	431	0
119446	141079	302	432	0
119447	141119	300	434	0
119448	141191	299	435	0
119449	141238	299	434	0
119450	141279	299	434	0
119451	141314	299	434	0
119452	141389	299	433	0
119453	141447	299	433	0
119454	141481	299	432	0
119455	141549	299	432	0
119456	141598	298	432	0
119457	141646	298	432	0
119458	141713	298	432	0
119459	141769	298	432	0
119460	141808	298	431	0
119461	141854	298	431	0
119462	141897	298	431	0
119463	141938	298	431	0
119464	141987	298	431	0
119465	142024	298	430	0
119466	142071	297	430	0
119467	142136	295	430	0
119468	142175	295	429	0
119469	142229	295	429	0
119470	142276	295	429	0
119471	142312	294	429	0
119472	142375	294	429	0
119473	142447	294	429	0
119474	142544	294	429	0
119475	142579	294	429	0
119476	142628	294	429	0
119477	142679	294	429	0
119478	142744	294	428	0
119479	142814	294	428	0
119480	142873	294	428	0
119481	142934	295	428	0
119482	142989	295	428	0
119483	143038	295	428	0
119484	143082	295	428	0
119485	143171	295	428	0
119486	143208	295	428	0
119487	143277	295	428	0
119488	143336	295	428	0
119489	143410	295	428	0
119490	143447	295	428	0
119491	143504	294	427	0
119492	143544	294	427	0
119493	143624	293	426	0
119494	143681	293	425	0
119495	143755	293	425	0
119496	143808	292	422	0
119497	143847	292	422	0
119498	143901	292	421	0
119499	143976	293	420	0
119500	144030	293	419	0
119501	144083	293	419	0
119502	144135	293	419	0
119503	144178	294	419	0
119504	144232	295	418	0
119505	144283	296	418	0
119506	144320	297	418	0
119507	144364	297	418	0
119508	144415	298	418	0
119509	144489	298	418	0
119510	144534	298	419	0
119511	144586	298	419	0
119512	144621	299	419	0
119513	144686	301	420	0
119514	144742	302	420	0
119515	144810	305	421	0
119516	144851	306	421	0
119517	144897	308	422	0
119518	144934	309	422	0
119519	144978	310	423	0
119520	145018	311	423	0
119521	145057	313	424	0
119522	145097	313	424	0
119523	145138	314	424	0
119524	145234	314	424	0
119525	145294	314	425	0
119526	145347	314	426	0
119527	145422	314	428	0
119528	145456	315	429	0
119529	145502	315	429	0
119530	145572	314	429	0
119531	145643	314	429	0
119532	145679	312	430	0
119533	145719	312	431	0
119534	145763	311	432	0
119535	145809	311	432	0
119536	145872	311	432	0
119537	145913	311	431	0
119538	145973	310	432	0
119539	146051	310	432	0
119540	146093	308	433	0
119541	146150	308	433	0
119542	146210	308	432	0
119543	146274	306	433	0
119544	146312	306	433	0
119545	146365	306	432	0
119546	146414	306	432	0
119547	146454	306	432	0
119548	146505	306	431	0
119549	146551	305	431	0
119550	146597	305	431	0
119551	146654	305	431	0
119552	146688	303	432	0
119553	146731	303	432	0
119554	146782	302	432	0
119555	146836	302	431	0
119556	146922	302	431	0
119557	146972	300	432	0
119558	147037	299	432	0
119559	147084	299	432	0
119560	147118	299	432	0
119561	147159	299	432	0
119562	147206	299	432	0
119563	147245	299	432	0
119564	147289	299	432	0
119565	147336	299	432	0
119566	147375	299	432	0
119567	147427	299	432	0
119568	147485	299	432	0
119569	147523	299	432	0
119570	147564	299	432	0
119571	147612	299	432	0
119572	147648	299	432	0
119573	147704	299	432	0
119574	147770	299	432	0
119575	147806	299	432	0
119576	147869	298	432	0
119577	147906	298	432	0
119578	147964	298	432	0
119579	148030	298	432	0
119580	148074	298	432	0
119581	148111	298	432	0
119582	148165	298	432	0
119583	148200	298	432	0
119584	148243	298	432	0
119585	148303	298	432	0
119586	148345	298	432	0
119587	148386	298	432	0
119588	148455	298	432	0
119589	148506	298	432	0
119590	148557	298	432	0
119591	148615	298	432	0
119592	148660	298	432	0
119593	148704	291	438	0
119595	148796	229	458	0
